Matrix size: 100x100
Execution time: 0.021619 seconds
Resulting matrix:
431 363 -95 656 -85 -215 -78 379 57 58 -92 363 92 243 -103 338 476 -422 490 308 637 618 257 504 -454 197 362 -85 -221 331 -215 260 160 -103 49 126 402 -783 124 303 -49 661 -46 -272 824 -23 -345 -260 -907 -242 -17 -99 139 -243 -56 -186 -600 204 -692 -88 -388 -411 114 -8 262 -346 -401 501 -436 325 156 227 -256 -587 -352 113 -412 307 192 321 44 483 -568 -18 290 106 -603 226 -120 34 -57 -543 -92 -360 331 44 399 2 -80 -523 
594 605 -6 -133 340 -243 -217 334 124 -54 626 218 619 39 -53 -4 -675 -274 -95 205 -89 -41 -55 135 -109 -233 -68 376 -464 -29 237 292 176 246 48 -246 157 -404 -336 -141 374 -255 149 714 200 583 39 -328 336 33 -38 -113 -618 811 -28 -486 -309 -462 7 716 929 272 -286 235 395 -614 59 351 -42 237 13 -289 -307 -6 575 103 -151 99 92 206 -648 273 -36 -234 -267 -239 348 305 -4 -357 -457 -258 612 136 376 -46 -140 -95 -364 -157 
-88 -203 -278 -191 -398 85 -314 390 929 298 374 -766 -59 -18 -293 35 -226 -331 399 -164 223 -342 118 322 -383 -320 -120 64 -247 357 549 -167 -207 495 467 -840 -168 911 -24 -607 -666 -193 -633 -194 -237 75 32 374 228 387 689 -239 -62 79 -10 -568 -204 -439 415 -422 27 -662 20 415 -577 20 -111 -266 -28 73 211 15 -411 432 -378 -146 -298 -137 -712 264 260 -407 -27 71 244 525 -285 -503 -353 287 -241 -122 95 178 -287 -150 431 -23 -842 488 
226 -339 -57 -255 45 153 -4 -291 350 169 79 183 752 -558 -218 660 -437 77 -40 374 62 144 785 -104 -13 -147 -513 -151 48 185 275 -69 -263 -280 -278 -542 228 -47 -35 -264 -69 -921 185 376 229 -80 317 -350 -481 109 -540 284 -138 -554 294 -129 126 -22 323 551 -322 483 739 -128 265 -215 379 -630 -396 492 -329 80 43 422 -43 596 306 -84 114 10 10 403 334 -62 299 498 195 292 -135 634 -264 -315 -239 128 -235 -35 377 61 -155 2 
-95 -133 -289 918 318 -276 145 159 429 -266 111 26 -314 -356 172 -74 621 144 296 440 -116 170 52 -166 -199 104 477 170 162 -399 -335 -18 292 -651 585 554 -4 285 402 -93 -271 -188 251 130 143 -187 315 -36 -113 385 77 -383 395 67 194 -55 348 -272 423 210 -329 75 -9 -177 -51 468 -14 267 -348 -82 -1066 142 -308 -372 383 -383 -95 -499 300 612 -200 72 -242 258 -136 397 -134 -44 492 -651 -466 -480 -38 -308 -419 -108 207 -199 -44 167 
363 -519 190 41 -6 -77 141 -202 -146 -50 -189 139 -181 -340 466 123 -402 -130 -31 -30 85 173 -138 -424 529 112 179 -789 750 328 286 -43 -515 -583 -323 769 236 283 -70 348 -408 -90 908 -459 568 -40 137 -122 -536 -433 -442 -123 360 209 984 619 -340 97 -312 58 -91 783 377 -226 -156 -849 782 -227 450 -212 -125 -558 192 -398 -348 380 583 87 -106 253 49 611 301 -434 -234 -394 54 134 3 669 -249 -154 -291 -426 -70 -108 -32 29 -3 -213 
-522 -198 -69 50 -1 -38 411 16 -320 -22 242 -9 848 -94 -165 -34 -191 -381 -570 -125 -269 -154 55 794 -338 746 38 160 323 129 -2 781 -189 331 233 -194 -172 -467 347 246 -102 -429 267 606 -241 515 -356 40 5 -408 106 21 301 -144 -90 54 381 388 568 61 172 -2 -64 -800 -52 -18 66 483 -209 136 -244 -201 479 337 419 -183 -57 -206 547 -53 191 294 174 -553 -454 284 497 70 200 238 372 -435 39 335 -144 457 -127 205 370 336 
-464 -179 -336 139 -147 103 35 349 -95 -359 -165 -745 -192 -38 869 -92 194 -209 492 75 -567 290 2 240 104 -19 155 -421 87 71 -300 -324 -274 -142 337 153 151 697 266 -1095 74 -433 318 150 -352 253 685 -402 270 376 51 -253 157 209 236 -145 292 -314 9 2 -322 207 142 145 118 257 -176 -492 28 -507 29 -125 371 345 32 549 -48 295 271 -441 -701 -524 193 -281 99 -257 125 261 164 -108 -173 341 475 156 -381 105 108 -583 -529 142 
175 -381 -99 -477 -229 -9 -336 -27 87 -276 248 -179 183 -127 360 -280 92 -443 -232 215 -30 343 -78 129 315 -312 324 551 -85 282 264 -247 -307 -78 -87 -400 728 641 626 295 3 -246 -300 227 189 84 60 504 404 94 -729 83 79 -188 473 -282 -225 157 206 189 487 -272 -422 -293 -289 35 -342 311 -147 212 308 23 -33 22 -284 73 224 -5 -451 -166 -462 59 -389 147 -389 -35 -161 -359 -408 540 18 -77 379 -101 -134 159 58 466 303 138 
180 -399 -32 -393 -196 -40 -188 -661 -521 -449 85 636 266 14 270 -519 -260 243 555 583 542 818 -978 230 566 -201 69 317 -131 425 147 95 -526 -442 55 -266 -251 215 121 -133 83 -4 -590 359 392 -62 72 -80 77 249 -53 -42 592 -202 57 -157 -246 10 30 -374 143 -224 231 310 -146 -388 555 -215 56 10 332 -87 33 -133 991 -385 -101 519 711 354 -1110 203 -88 306 -117 -777 -479 -371 168 321 5 -8 896 373 -499 -492 -6 19 -673 159 
-43 -231 86 -110 -150 258 -28 -21 -168 304 635 22 21 88 628 -327 383 597 -244 325 -169 14 411 116 -347 700 11 655 -12 -364 -486 -769 169 88 -312 -429 23 -382 -5 -404 408 164 -139 383 -531 287 99 269 -513 -9 -130 -396 33 84 -17 354 426 -137 32 146 107 -499 379 563 -300 72 56 -268 139 466 -208 -416 -411 -211 288 -404 208 -135 484 -475 -304 -203 143 -359 432 47 37 -194 176 654 -68 -386 202 -353 133 749 -119 495 79 483 
-230 -195 -368 103 -33 21 242 -752 -67 253 -361 433 -276 -362 275 149 -44 281 -40 172 -138 559 422 -142 -370 346 -399 144 -365 944 37 550 191 -244 -857 235 95 -373 -402 -2 -212 -2 606 -245 253 -620 -213 -36 -73 480 -324 -40 469 -515 -198 196 -315 40 -425 155 -558 21 448 -177 94 278 417 -333 693 22 200 -369 -313 164 93 961 -342 -294 -39 -64 141 856 328 906 121 199 43 344 215 -1 20 -616 -614 827 -698 -677 475 321 991 -274 
-164 65 179 770 57 -215 -106 -117 -254 -288 -696 552 83 -737 -612 99 -604 -419 -270 426 -200 -235 18 115 373 45 -15 -558 -507 36 -394 119 -259 -63 75 -106 81 66 -134 -42 337 322 -275 160 62 -262 -147 -197 -377 458 -373 -11 -29 -95 460 -393 -288 203 421 -350 -193 -97 284 21 105 -32 -298 165 -343 500 -29 373 -196 -29 -56 14 473 -302 249 -447 -468 -349 -167 -372 107 455 236 -162 -350 30 108 352 347 -644 -487 426 -269 -112 -26 -44 
-840 -366 193 -46 -299 -230 399 -836 -152 -471 -395 96 -47 416 93 525 -336 -206 -557 -500 163 513 -27 294 93 -94 -152 527 15 -62 16 103 829 -360 364 -202 -374 -432 220 146 -125 -439 -411 -224 -151 -517 -445 -28 128 -233 -1040 154 304 677 458 -394 -304 443 -95 351 94 159 388 -516 -166 -238 -238 -108 -399 252 112 -480 -188 -11 -114 -84 778 42 206 -225 151 -105 50 -301 545 -123 527 -246 -765 449 59 180 -680 -481 443 212 75 361 -304 -1217 
-130 338 41 -22 -5 -40 191 784 -238 -215 -149 -99 -112 212 -450 -320 -463 -118 -247 436 223 -24 320 7 59 149 104 -737 80 -184 135 613 379 340 -300 614 27 -123 -440 137 226 -433 524 -46 405 460 322 -178 -172 103 -207 -453 51 215 412 299 -154 -456 135 -18 -176 42 241 229 -357 -306 89 54 -369 -328 -242 -254 -305 -215 118 187 -321 84 88 -137 205 130 331 -264 3 -215 -149 26 -44 -180 419 177 -399 300 84 2 -286 266 -193 44 
-724 336 535 -133 281 229 773 -400 193 -405 -161 -593 137 384 76 147 615 -276 -293 -225 -1039 -383 -100 -27 -229 55 -181 -244 577 -664 -158 -295 238 83 461 -319 116 -366 -422 -123 -19 -603 472 -308 -100 -86 237 -2 28 -564 -382 -121 -9 102 -521 429 255 603 348 -4 -5 -1 247 -6 159 697 -406 256 378 195 -590 -209 151 -51 -27 -284 608 -375 115 176 747 -420 209 -4 35 -23 67 124 -155 80 441 -110 142 40 -337 250 -234 284 199 -514 
52 812 417 -496 -69 -264 378 137 -190 692 176 179 57 -300 -496 411 327 -166 45 640 403 -270 741 -321 -634 -173 -263 -185 -76 216 -340 310 -12 235 -75 -147 630 164 114 -69 -63 220 878 246 97 392 203 267 -552 -993 193 -517 -136 -450 -111 387 -320 702 -41 322 145 -16 -307 855 -85 2 445 -345 230 -77 250 -949 45 64 -589 246 -419 94 -172 300 129 23 -7 -372 664 217 154 459 62 238 -297 -595 411 37 271 -239 540 -65 -156 270 
347 -296 -114 -293 361 -187 433 -478 -108 -291 -571 -77 51 -102 -179 140 215 87 529 200 527 244 -340 -448 197 309 -23 195 41 145 156 313 -69 91 -750 342 -262 -50 -131 92 -833 145 101 154 232 -598 15 -117 -204 -227 843 268 -304 -368 -573 540 166 151 -879 -794 -933 -57 -13 -224 73 -107 -25 383 271 -495 431 -568 365 822 614 -170 511 41 83 604 691 19 -553 178 -518 -348 437 146 449 132 116 -502 -605 718 410 -114 -111 -545 523 -210 
-99 -335 114 -739 212 -79 692 -406 256 270 330 166 -212 351 84 376 380 252 -327 -603 173 142 496 656 511 -412 59 -112 -119 463 -146 -206 -214 120 437 -594 -563 374 -50 194 251 -626 331 -775 202 -53 120 148 -78 26 -206 159 -598 -408 154 -549 567 -395 305 173 -100 64 740 -289 -475 -79 235 -627 322 275 138 -469 32 325 -425 239 -58 564 -302 -195 -240 -444 -82 512 328 310 230 57 -182 379 -287 -30 -220 9 -603 -23 115 222 100 -124 
-134 204 297 -310 214 539 184 -145 351 -275 -149 -527 139 489 -198 331 -87 -157 263 707 -266 -12 -36 453 285 -426 534 85 -161 -280 93 -116 604 -105 422 -113 -168 217 -114 217 -19 -2 -316 394 -368 79 503 -135 -160 -83 525 268 529 -432 -552 57 264 162 613 -32 555 -60 -154 -346 538 583 151 -991 197 344 335 38 2 148 -514 60 -103 326 -159 -26 189 -461 -178 -460 -77 127 -665 693 379 -350 -229 801 359 5 42 204 -198 -196 -412 770 
374 8 122 -466 314 -553 -352 612 377 -533 -207 -726 25 476 39 97 -183 -177 207 -432 6 -349 -532 340 -730 3 -156 196 -465 65 -581 -229 -140 -88 213 -273 134 347 7 -345 682 315 -372 -241 -315 185 -622 -567 -33 140 340 -509 41 239 -195 171 -202 168 587 -307 -34 -588 -508 555 -51 808 -43 -1023 108 -935 378 25 -20 -112 -583 -1071 98 388 246 -563 378 -252 -130 -550 -528 322 -14 463 235 51 346 603 109 441 529 -433 26 149 -265 246 
57 -505 139 311 -418 5 -236 216 103 -451 -153 -216 83 383 758 12 -394 -391 -557 127 -24 -289 -567 78 -147 34 311 51 -240 -69 176 -161 -210 -206 -180 -121 -416 -22 -291 -476 -539 -170 -384 -72 463 -79 -547 12 -229 -351 -113 556 -75 402 307 116 -22 123 64 -178 -214 -195 74 -282 -273 -364 -474 -21 135 471 -169 -299 -28 311 -246 -1 168 -667 80 261 -148 -672 412 -125 -428 -681 369 50 33 257 -94 517 -632 -96 355 327 -348 -164 -142 -6 
-519 -302 -268 -390 -243 311 392 -277 -37 219 -14 408 -31 -256 -342 -297 45 92 -29 -329 412 -384 653 -160 -266 -296 822 42 105 -57 192 10 186 343 -144 -57 170 263 192 459 629 301 193 -94 570 441 601 451 145 -593 -172 -378 -881 199 154 130 -230 50 118 -503 593 -358 135 131 -589 -307 -453 668 -413 30 24 209 17 -113 91 -15 609 -4 -165 -409 -46 -366 -202 432 387 52 644 121 267 664 126 81 333 -538 228 860 -515 -350 141 -116 
380 -326 -735 825 93 -112 -430 -375 331 -221 271 288 -49 -738 -332 -156 251 -135 53 236 -324 146 -38 -602 -298 -256 -48 123 -126 190 490 285 -113 157 68 -125 209 200 351 842 562 271 216 -216 -254 325 304 427 252 -135 629 612 -58 -320 -376 -119 -123 180 -609 14 222 421 -261 -133 73 -817 -214 742 385 -356 -57 304 315 -339 122 541 110 427 -219 -346 3 33 285 81 -420 155 -34 -457 -461 202 -118 -73 -11 -634 273 222 -401 164 219 -77 
-129 -65 -476 -680 -418 127 113 276 -329 -346 623 -300 392 -375 -56 -597 226 -135 -304 233 443 161 275 385 312 -66 -296 -424 -135 374 -14 -584 -685 273 -661 -45 -366 337 -60 346 578 -515 505 85 -516 142 -287 270 50 -259 -60 202 -236 -182 59 -490 178 -211 170 -488 77 -95 -718 373 170 -642 -143 174 243 -221 -692 213 186 376 49 -658 -363 446 27 288 -364 -210 207 131 -299 -815 -224 -521 -342 34 266 658 -440 231 -526 -478 -354 227 -27 80 
-453 148 -143 99 25 108 402 -312 -51 -299 -353 42 -224 -661 84 -348 -553 -29 -162 -384 475 -247 -362 -211 -157 153 -128 -41 -492 287 438 156 -120 -545 -234 461 102 122 -87 94 145 118 -263 -56 1057 686 -39 -150 341 -67 318 -246 163 -566 91 511 -346 232 39 -483 -563 386 493 -209 -899 -124 -157 -138 816 -121 191 443 -300 -85 -116 -281 64 -402 -73 -76 -57 332 -320 -104 -226 437 255 342 61 -479 627 272 -45 -59 -455 -171 461 -334 276 352 
-346 -282 361 287 279 357 698 -585 997 -58 -77 299 -55 357 -888 -106 255 -75 -401 -415 210 239 256 -151 -148 -161 -233 143 -2 205 -101 179 817 341 -593 -228 -131 944 273 175 499 192 -40 -276 -131 -3 143 162 -298 -348 271 542 -112 -252 -902 -21 -523 257 -202 -301 -394 -159 434 -209 -477 -739 -93 -148 634 82 361 -73 -644 422 -363 -381 200 438 368 452 404 192 -48 140 -161 -350 223 65 -579 -325 87 -54 -20 308 148 -96 -653 54 200 26 
-73 -153 97 -78 552 -109 -255 154 -244 -245 493 130 -393 -413 -256 -118 -163 -157 136 77 -12 653 -109 -530 196 -234 -242 -465 261 354 420 315 -520 328 314 -11 -392 -415 -200 301 -398 52 -401 412 690 -39 -510 -582 110 -343 -503 328 -124 -49 0 -314 -469 -253 -207 -389 203 500 199 125 156 -235 -60 98 151 474 502 -129 49 20 1093 402 -113 -117 -332 60 94 445 -608 -262 -83 -310 -206 -105 -521 -282 336 -274 154 613 -163 28 170 6 829 220 
29 458 -531 -371 666 326 190 -224 5 -560 -181 12 -377 313 608 -104 -173 -187 72 -345 -395 -218 611 -34 -34 50 491 350 -269 -157 -169 -377 4 -208 -766 428 -74 -320 243 -379 268 5 -282 262 494 -322 91 -1007 240 -431 -571 -541 -31 595 509 619 316 53 -458 -147 -394 473 -290 -301 -150 549 204 -101 521 -369 -207 -211 -166 163 713 174 429 -92 -381 44 278 19 -23 -163 -115 -286 529 519 49 117 -153 -188 -120 135 284 141 -516 -626 247 -408 
-390 242 -515 -274 -98 -277 -396 92 -276 -281 143 -137 198 -181 88 -53 -624 -281 -3 94 -105 -224 39 -550 -113 109 537 14 740 -435 476 -205 -429 -15 -601 111 -212 -256 -272 -107 306 -686 -257 861 184 -219 -1 178 579 -152 28 -384 -180 341 421 -483 -178 135 68 539 24 1 130 -430 547 466 81 409 134 -291 -2 471 -364 441 378 741 875 344 -1062 7 -821 43 -42 329 249 326 161 430 206 182 -894 -598 388 645 273 -199 390 -1053 -270 130 
249 228 -332 69 -63 -162 40 27 103 20 -361 -168 -83 250 139 634 -61 -22 -16 -552 -250 322 303 330 -84 201 108 161 -46 -16 487 -646 407 207 107 -707 130 3 -75 -413 -443 496 238 -53 -258 -266 27 -300 -371 -280 42 418 174 -33 -265 -40 -522 147 -355 116 -376 -902 203 -599 -328 231 294 -139 -258 210 975 19 -108 510 -757 576 528 590 -264 -347 -141 250 39 3 198 -685 97 217 -266 -125 -12 82 -308 -504 -318 30 181 -34 -336 107 
-258 191 -229 -98 562 252 -591 225 -702 -545 112 -191 -438 181 237 -509 15 -436 -680 70 -333 -108 -22 3 112 303 -78 -221 509 -182 589 -79 -55 194 -366 371 110 134 -213 -282 417 -223 -262 818 476 716 -8 -171 325 120 -984 -210 -38 475 2 -290 -107 -188 123 90 -740 447 54 -401 -86 -271 -406 556 -755 179 -11 105 195 24 596 -105 158 -121 57 -83 -205 -410 -436 -5 80 25 17 -79 64 191 515 -151 24 -40 342 430 -407 -256 287 -369 
-240 152 818 -535 385 40 548 -580 -54 245 550 680 267 271 -467 195 -88 -124 -759 -392 243 60 -66 -343 102 -74 -736 -463 122 -132 566 -44 225 -271 829 -25 -58 -31 -124 430 -14 -588 300 -274 483 454 -212 231 110 -561 144 696 256 -474 -313 148 -331 1235 579 959 381 -84 779 -552 -591 1 -120 -309 475 502 -201 -76 711 -33 -235 -576 -400 317 -130 -32 14 312 -230 -128 22 181 -74 341 578 -480 247 312 261 -294 91 -467 747 640 130 225 
29 70 170 -190 509 482 282 260 787 -215 -101 276 327 586 -282 83 243 -211 -366 104 150 119 76 -320 -443 -306 42 -28 131 -312 -485 528 -165 713 376 -86 -473 703 142 -42 225 291 -437 -444 -289 344 -187 -36 -93 471 327 74 -85 -208 -962 635 106 -112 304 -278 -111 -626 -306 420 28 434 -611 -963 36 -24 33 156 -76 412 -417 15 -329 -27 139 -559 -63 -315 -371 479 108 361 109 216 413 -332 752 574 -130 292 -176 -198 -538 296 186 442 
-658 318 138 -109 -409 120 -42 271 -534 -120 215 27 951 165 487 373 -101 -257 -170 -213 301 -354 8 341 -706 -35 -469 259 21 -272 105 579 -683 851 226 338 -911 -479 -288 465 459 266 -269 382 251 591 292 365 -528 -567 536 -534 -105 -101 15 -715 294 184 667 -104 -420 -654 -346 494 275 -223 158 2 -621 -237 -428 -437 -379 -12 326 -537 -230 444 507 -106 -755 -199 -378 173 406 -107 -37 -679 119 868 -202 -541 636 826 219 -437 30 71 -491 257 
222 635 84 -308 47 -243 45 766 37 -75 163 -52 18 247 126 -59 -364 259 5 -189 464 -546 337 98 -235 -333 -120 142 -402 45 715 65 -84 648 -483 -156 -498 103 -736 -365 -271 443 -187 327 20 680 -251 189 -860 -173 558 319 4 -137 -5 538 181 -60 -386 -993 -173 -635 -101 329 125 -30 326 -636 -356 -130 930 -868 1028 18 -454 448 -274 -134 487 -328 -109 -1413 -355 -252 399 -279 44 343 -62 34 -530 -211 109 -154 154 -214 -96 -465 311 106 
75 48 276 37 246 -627 113 444 63 101 -417 -64 143 -355 137 -87 -100 -129 18 291 40 282 300 -3 -95 -32 437 -293 -486 -27 -84 -315 261 -193 -437 -397 361 192 123 -334 -107 224 77 419 427 -626 372 135 -610 -185 -560 -115 238 -220 753 354 -296 -458 428 163 -115 -131 1 51 -369 682 195 -428 256 77 -337 -616 -447 -94 -168 -673 -14 -238 165 69 465 -472 -342 -976 -94 341 -355 -120 -281 268 254 8 164 -817 640 859 477 -400 -329 -28 
-72 212 345 696 157 -97 -624 74 11 -708 474 66 564 208 118 -96 16 -73 255 45 -178 261 83 80 54 866 22 -458 169 -349 29 -178 -240 -6 92 295 -97 76 -149 452 -264 221 107 90 -422 450 -327 637 -518 184 -60 -57 714 -358 715 121 136 -287 -182 -294 -123 -152 304 -59 386 -182 313 421 -46 357 390 -496 125 -127 355 -126 -65 68 263 70 -415 -173 -379 -453 527 -114 -563 -626 129 28 -119 -547 -102 -268 -190 -339 124 597 -372 453 
782 259 -453 262 75 48 -166 -13 -180 -241 -404 185 -59 -55 -388 -65 -378 378 240 795 30 498 -529 30 -194 10 72 245 127 -423 -105 335 -47 -394 -150 -246 483 -517 397 586 -93 668 125 233 611 -287 -391 476 -366 58 -502 -932 221 -559 -429 348 -171 480 228 -322 -198 -87 504 446 215 -655 -166 21 -74 594 810 899 -658 183 20 -124 -225 457 -102 316 277 969 -1081 490 -32 136 -704 -116 170 494 831 -155 468 -52 -203 -37 -138 172 376 -83 
-30 -191 274 731 251 286 319 -243 560 -39 296 -219 -138 -590 250 114 37 -39 -218 124 -158 52 -821 266 558 202 -264 -209 121 -320 833 537 246 -237 -36 619 74 -402 -230 452 319 -160 422 22 297 -565 -184 -520 -128 -101 459 147 -395 37 -11 -207 -296 400 -54 -443 -600 150 83 -114 71 -712 -289 46 711 324 -351 -914 334 340 800 -347 -288 208 295 -193 7 662 -624 -306 -144 776 3 73 477 -179 -97 69 -67 398 -289 296 203 26 293 -256 
-44 -375 -30 -149 626 246 -301 261 154 -687 -1357 -1335 106 567 616 -244 215 -232 -313 35 -192 98 -312 7 961 251 416 318 205 -483 949 -86 837 92 -82 -511 154 488 31 -125 503 33 -420 281 189 -705 -35 -70 -144 426 -334 117 -275 -9 -258 117 273 264 -246 55 -250 13 188 -50 -430 273 -721 -317 -27 -263 -150 386 -284 562 201 -250 367 -492 368 -194 675 -85 -327 161 -610 -94 89 416 -163 197 577 374 -121 -333 446 582 -415 -80 201 -574 
836 356 481 598 288 185 -133 875 739 -11 48 174 195 216 689 679 397 438 -8 -282 -697 -103 -389 18 109 -682 -196 338 -28 -150 238 -200 121 -42 375 -352 131 -505 580 -160 576 -394 293 -387 -128 91 -125 -171 -310 -308 117 -152 -235 458 -458 -110 199 255 257 864 44 99 -301 737 -135 10 -595 241 -58 259 -775 -377 -545 -194 -383 -523 -355 141 -129 76 221 233 696 -145 243 -60 70 -594 -434 488 -314 22 122 -406 344 199 30 182 -402 -575 
321 315 -423 -150 727 306 113 112 263 -488 -63 -173 -765 -179 220 259 299 179 507 228 56 730 -387 -327 134 -424 222 -333 -420 413 537 532 228 27 281 -1 107 309 447 -286 -62 -272 -311 -171 22 -356 -242 -672 418 -317 208 -576 -73 -325 433 314 -178 -546 135 -319 -143 485 228 207 -392 -149 -259 -375 671 143 302 -60 -157 -553 965 443 -398 -170 -304 -105 77 473 -101 -109 -311 222 -92 513 -186 -545 -8 236 -56 241 -156 337 272 -439 20 -13 
53 280 692 53 -195 -443 244 373 374 -393 -195 187 -527 406 -483 124 -258 -274 102 -275 -8 -296 -193 8 -102 -588 202 188 -382 140 -356 22 191 -148 433 32 -301 -99 276 -198 -552 -558 -409 -555 189 571 313 -359 59 -56 357 105 540 437 -207 23 -308 -164 111 -146 -128 308 179 152 -593 262 -542 -91 -40 187 -232 -317 -49 432 -498 49 -370 263 199 114 320 -193 327 -174 43 310 174 88 -163 -252 327 382 -161 -58 95 -229 -44 -153 -460 443 
133 891 265 574 179 -21 210 675 118 226 371 -231 61 -91 -322 -496 325 376 -53 -9 -282 -90 -32 -463 -607 -252 -363 964 -523 -451 272 464 -50 213 597 -402 59 663 -411 -9 442 -272 -28 422 -106 1166 942 -175 16 267 -305 -221 209 36 -494 160 72 88 320 138 332 320 437 -263 458 223 214 -158 64 101 418 -682 -310 -318 -108 172 -169 -408 -189 596 -236 -34 -261 -154 432 347 320 -468 -188 -613 -484 -814 521 -929 214 561 -93 -623 -233 -238 
-819 104 57 4 430 235 -339 -402 239 -55 -147 -216 -160 -25 372 390 47 -181 -381 324 107 362 -389 -515 291 -108 -168 -401 -571 165 327 575 -420 114 345 -224 -622 -236 -49 -40 -74 -269 -385 -305 605 175 -103 201 -231 -477 -92 788 -143 375 -355 -15 -529 -73 607 623 -438 -331 838 132 -1023 -343 -915 -42 908 452 -472 181 -292 15 204 -422 -267 -101 380 888 -493 636 379 31 -120 50 -816 -2 -667 -30 393 558 26 414 82 182 214 -160 316 -28 
-251 -453 -188 -453 -172 -296 -222 274 -364 -117 -147 -229 546 208 207 -402 26 -227 535 306 -267 -346 -231 -265 708 170 34 -132 130 129 632 -250 -648 209 -463 243 317 485 169 -278 -33 434 177 321 -345 -39 89 187 50 36 656 1105 -548 -357 -448 -240 157 233 45 -652 -331 -8 -71 118 116 330 -29 -215 55 -485 -181 -127 374 415 195 310 104 112 260 -100 469 -49 668 362 -84 -203 -384 -165 737 566 -259 -727 383 786 -86 -432 -327 -9 -283 0 
585 305 29 297 -77 428 24 47 95 15 -19 -211 291 77 605 -709 233 -465 242 -382 -482 142 -398 223 -192 -170 297 -414 470 220 -104 557 -638 -144 -242 20 58 486 366 -299 -817 251 381 -302 -366 -319 -352 262 283 -266 -124 -261 -113 -232 -289 912 355 -203 291 -506 -109 -384 -8 764 -356 -2 -304 -25 845 59 34 391 -155 409 -10 -82 -113 -174 -119 193 528 129 536 -470 -261 -638 -205 -543 338 -339 549 448 525 561 -879 -534 104 -659 53 347 
146 -229 -118 132 -106 -35 -650 -219 -430 -612 85 -504 413 -94 316 -227 -258 -283 -93 296 303 -633 -47 465 -487 56 72 -518 54 -370 106 -142 -117 -302 223 220 555 -91 -86 -779 490 -121 -76 -27 66 614 -167 64 603 464 -578 -465 -342 95 104 -30 541 -86 -441 -5 -243 341 -22 494 446 -35 -702 233 -286 138 398 298 323 -209 27 -131 -282 84 -78 -278 30 -578 10 -272 -493 123 399 777 143 2 637 -71 -176 167 308 602 -406 -290 240 122 
444 477 -155 -424 427 318 323 510 -103 -300 -427 -396 -202 403 313 265 10 -263 -47 -482 128 282 137 35 93 -392 136 -28 90 152 -7 385 -96 -2 -177 195 -87 448 592 -243 290 -137 -213 -426 741 -255 332 99 -86 -255 -247 -504 -350 268 475 449 338 -456 635 -151 -47 283 -10 608 -514 59 -273 -125 -147 -217 212 153 -638 -59 -450 -247 231 -188 -166 -444 -13 -310 -572 -308 72 60 -191 -203 -219 -176 -302 245 167 150 371 -316 232 -430 -221 26 
-453 189 111 -327 -170 -124 662 221 -264 504 173 -166 -623 515 -191 -107 -115 1146 -414 -490 606 -458 -689 -489 -526 -250 136 236 -156 221 75 542 -434 150 435 323 -43 781 71 435 530 133 -179 -587 153 215 603 -23 161 44 246 326 -551 227 -265 274 87 -20 652 125 250 600 -21 518 -657 750 -68 -710 44 -357 228 -223 6 -633 -732 -419 -77 -75 -15 -483 361 117 -123 448 -597 132 170 232 34 150 -119 143 -117 144 -82 -108 -270 -97 291 -144 
-88 -205 252 -202 -30 -183 294 -523 183 -661 -370 -534 308 257 -593 27 -466 -237 -215 -205 171 -293 -245 622 412 179 29 453 -557 -57 5 339 -172 694 34 -876 -365 18 -216 -25 476 -785 366 19 -249 481 186 245 -709 -428 302 -101 -803 685 206 -485 -704 209 603 69 -200 -307 185 11 -334 55 -451 -98 -65 63 161 58 -337 798 446 -365 541 402 437 211 -43 411 -215 -160 -35 185 206 450 -298 -8 -616 411 26 894 40 767 119 -733 -211 -34 
-236 -20 226 -545 51 -60 565 280 584 517 94 -391 -200 -93 119 209 311 543 205 216 118 -346 226 4 -846 148 55 6 81 260 -96 -803 272 -108 -530 -191 70 792 -133 -383 618 35 -3 145 150 44 655 -48 450 -495 318 232 82 -13 -284 -556 958 -694 138 525 -304 270 191 293 -139 730 -673 -172 -257 -382 -315 463 -196 76 -380 69 -19 515 -493 -20 513 -720 349 381 -655 94 -363 262 -63 -218 -113 179 380 294 -552 -110 -333 -150 -227 270 
258 519 -547 210 265 -67 -239 -324 -302 -427 -428 742 -1419 -358 -394 -133 202 420 -36 229 7 -146 -44 -133 -304 -943 302 1122 -250 249 -218 -681 269 12 -174 -44 -154 -736 -148 201 60 142 352 -91 -580 567 -108 -177 419 244 217 -413 290 600 428 -432 -85 352 -405 387 785 50 -163 -27 -46 81 -186 730 -22 385 199 -50 736 -437 555 153 324 206 192 -321 -621 -428 -143 -132 243 -104 302 368 -241 120 -27 69 29 -908 -374 667 454 -142 298 -84 
-96 -516 -150 337 -308 -118 -430 -319 -119 -63 392 -587 181 -163 694 167 29 -425 324 146 53 44 -560 503 439 299 870 -178 537 358 200 129 -686 -116 -105 -151 -64 -411 112 257 -351 -113 -349 -138 74 -836 -366 122 -545 -315 108 85 -333 359 256 12 252 -268 -127 -544 -49 -402 -181 240 287 -174 88 712 474 -3 -639 -161 -1 -93 1028 -116 263 -737 -364 379 231 69 459 -124 -154 -49 -237 -61 -323 93 116 117 110 495 -463 -185 368 -260 452 -50 
128 -377 130 -285 -19 813 -767 -253 163 -723 -354 33 646 -551 196 149 97 74 280 645 -85 -176 181 -434 588 116 320 41 -79 -330 206 -287 -408 -53 -403 -95 199 385 592 419 472 -101 -491 185 -62 -120 75 237 549 9 -195 21 353 -143 315 -402 330 378 -336 17 -413 -485 198 152 70 -57 569 -537 475 72 -622 -51 -650 657 1077 573 150 -139 -22 267 -524 -57 -135 49 10 135 -104 -540 250 335 192 -407 233 123 -166 637 -562 642 285 218 
-334 218 -630 378 -349 86 -242 110 115 269 -202 -5 143 -276 345 115 -99 133 -186 -164 54 -461 -217 11 -204 589 -251 622 -34 381 813 218 511 404 -205 -411 -844 -467 -274 97 -515 167 -620 631 -109 -125 -479 243 -37 -77 928 -572 36 -364 113 -273 -40 -98 -340 -750 -421 -485 -193 109 -86 115 188 139 -8 -378 185 -378 -214 145 775 922 37 -794 10 -239 -384 -489 -83 227 95 598 132 184 206 314 -41 -424 72 946 -215 64 297 386 229 -199 
116 284 98 17 155 210 -208 79 201 190 434 195 111 -105 65 204 59 317 -147 347 -74 -336 -309 253 -98 565 540 109 -340 -178 342 -83 251 -675 -217 -101 246 -433 -14 5 -135 -74 27 374 -117 -23 -378 222 638 360 -288 564 -547 230 83 -244 780 180 542 999 241 -597 -158 -198 154 619 -586 302 -474 485 -125 -120 274 163 848 180 -645 3 -665 -139 -6 -221 -236 -50 108 237 138 -256 560 34 -93 -302 -5 27 59 426 15 58 5 -390 
703 125 114 53 358 278 -516 -590 -519 518 -80 231 -80 -220 588 519 -369 -54 88 25 409 737 328 220 784 -1050 357 80 108 780 1149 -119 313 -225 -345 -17 126 652 138 -105 464 -266 -50 64 58 -44 -240 132 896 530 -174 -14 -418 602 207 -210 94 -235 -505 383 28 135 283 -49 -207 -7 -212 -385 158 -45 305 -506 357 290 358 603 228 -485 -56 122 -1231 -405 3 -637 141 -26 611 286 419 -1117 -543 211 402 -311 -226 119 1115 -494 -224 -81 
459 274 370 -163 659 -509 -53 353 704 -715 1 -106 -76 477 310 75 708 -755 229 -128 -745 145 -273 335 -210 379 3 976 -21 -385 -193 -204 217 -221 -630 -885 -416 -648 264 250 622 3 147 111 167 -624 -203 -316 -669 -223 -38 -274 -59 13 -42 -137 -119 391 702 793 -173 -591 215 192 28 -35 156 -644 466 245 -149 -65 -1032 195 227 -83 696 124 331 166 -207 272 -280 8 -7 528 -216 62 -639 146 -177 -94 269 558 91 142 147 26 110 -44 
-536 286 -418 310 336 -392 -65 -479 604 86 -247 164 146 199 -18 -640 -118 0 99 145 169 224 366 -535 616 715 -435 267 -371 10 -182 -3 142 353 -721 -495 -347 -415 2 39 -472 -56 -258 441 218 151 37 276 -570 -79 149 864 -306 -64 283 -342 -450 -201 -21 662 -470 -297 354 -207 -320 322 464 -19 950 -278 -270 118 -881 180 36 353 148 -96 -261 581 -262 358 28 505 -9 237 -705 443 -373 212 -120 -369 -88 766 37 -105 545 72 -39 18 
40 -96 107 -468 766 -613 -27 -53 164 -621 -109 94 -368 -72 -177 -167 348 -308 366 -272 -117 126 475 -247 311 -457 -220 478 445 112 -60 -292 405 -362 -430 424 -193 207 446 -1 410 -58 -246 -278 -425 73 -329 -418 578 -34 -338 264 -135 750 -60 -592 -211 -516 -266 86 92 -39 -602 210 502 339 119 65 15 -514 -37 -282 -520 145 -519 -132 1058 272 -46 430 -25 -55 9 -138 -88 169 133 45 -641 -529 -457 85 -536 325 282 -308 -343 170 249 -597 
-64 -163 -139 115 -220 360 -93 766 -201 -694 96 -190 -14 -60 291 -62 358 -429 164 -237 -318 -148 253 -344 -112 294 449 -137 672 -242 -81 -174 -458 -607 -626 398 477 -267 774 -273 -395 256 348 720 183 -712 -311 -495 183 265 -155 -86 246 202 -93 797 -441 491 -123 -468 -631 157 -588 -79 -257 -351 -402 6 31 833 -102 738 -514 265 -560 441 235 -384 67 -224 663 208 326 -838 -263 -66 765 -142 18 53 467 -669 -339 392 99 55 -656 -45 594 447 
-1038 288 477 418 -280 347 -151 -282 92 -506 397 -253 149 -332 -348 205 -601 -196 -277 85 324 246 229 695 -37 -279 -23 -183 -429 -33 -126 172 -135 801 -3 -432 -415 1115 -145 -180 640 -410 -220 2 -1110 655 155 701 -130 -155 328 105 -200 133 -305 -725 247 -356 283 -384 -283 -205 598 6 -465 616 -144 -330 -205 -345 569 -367 -52 414 424 34 -222 473 174 -329 -551 -703 666 234 217 -35 8 -181 -348 -706 -31 280 -27 396 -740 -382 91 -541 -301 332 
282 -34 266 -450 169 -364 123 -139 245 -444 -397 217 -1 220 53 406 5 586 289 -468 -189 -240 -380 -327 483 401 89 796 -41 -608 -11 -167 816 -380 -94 33 -508 -66 59 -155 -141 -588 377 407 -369 221 226 -125 -93 371 333 -452 -49 268 646 630 57 393 337 822 344 201 584 96 -436 -372 370 -60 -1027 366 406 -456 106 525 435 82 500 316 128 62 -389 -114 -250 190 157 -376 1299 187 25 195 335 241 -458 -187 385 198 -89 -427 230 -46 
305 -173 504 -14 77 30 204 84 336 611 -529 211 -703 -145 -892 -556 -302 268 -84 75 535 362 -154 -745 922 -753 -523 -349 361 243 -192 284 336 2 -252 369 257 -69 124 -113 -532 -365 -274 -280 374 -774 -325 -274 574 369 421 68 -398 576 -150 -178 -342 -366 43 -60 -309 860 81 342 -578 -41 -468 282 213 -651 -541 -258 -370 611 156 -747 203 -703 -477 754 635 796 212 -238 -240 105 454 -572 26 -517 -89 199 -486 508 274 -390 462 114 25 106 
-449 780 242 -103 -182 -368 -145 387 310 479 668 1106 868 -343 -148 -513 -158 -534 -398 -409 93 95 261 -37 -356 106 -208 271 -220 -526 716 426 462 -651 62 43 221 -412 442 463 -114 227 -359 570 -78 134 -321 552 213 -389 40 -253 723 -307 485 34 184 493 408 350 -57 -456 -232 -49 -135 -105 258 256 -145 -275 -361 -409 -22 673 444 -11 -318 131 -75 262 -371 200 -367 -88 279 745 245 -584 212 -392 316 14 435 -377 506 -56 527 219 0 -7 
-259 -51 -482 245 88 363 174 -618 55 257 180 25 634 190 -228 134 -144 -13 -481 -733 352 -134 41 500 -142 18 177 -156 201 -294 -180 -115 -213 -187 132 -108 151 697 388 -207 -87 -796 -130 -557 -617 362 372 198 674 694 8 -26 -798 685 -34 -242 -394 25 14 262 0 -534 -274 -36 125 430 -82 89 -260 -537 -109 -187 251 116 -200 -350 644 -241 -592 -7 -210 72 102 134 194 417 388 -162 170 -71 -606 332 -593 39 -353 -13 415 -562 -750 -1164 
172 -183 285 156 271 -516 232 -162 105 384 200 96 -597 14 136 -763 -229 -2 161 139 515 137 -83 -208 383 76 -810 -51 -253 -116 245 265 500 5 -38 163 196 -200 -86 -310 -378 -104 -582 595 249 359 -516 224 287 92 -165 296 91 118 419 661 -85 7 -453 -514 127 276 -146 191 -455 -41 -923 492 722 252 107 -664 117 -4 142 -497 -465 -545 -171 247 325 -214 -319 -241 -469 124 199 34 -255 150 -116 -310 216 212 413 56 125 202 133 -11 
233 -50 -85 273 -761 313 -357 86 -296 142 93 -224 159 -55 -411 245 62 616 -369 -28 1100 345 206 925 615 -288 -33 -72 22 386 74 -203 -131 44 345 -127 123 491 19 622 -193 -105 -506 -31 -16 -124 545 69 14 501 65 -49 -272 -454 332 -879 694 -64 -260 -94 -485 -245 88 -48 -520 -160 234 -339 -63 -461 54 -140 -484 -221 5 -101 -337 -263 -206 -60 -146 -424 -213 182 -655 -575 3 -179 -53 32 -185 -310 -554 208 371 602 562 364 -65 22 
-661 -260 281 -627 485 310 214 -275 155 -403 69 -212 264 -9 164 -86 754 -29 -704 -510 190 -170 389 687 76 -134 961 -459 -110 763 -329 -713 -632 -72 304 -349 659 809 343 -33 596 -302 404 -815 581 334 12 256 -72 438 -713 149 -369 -382 545 -547 52 -218 471 14 40 13 -188 198 -607 292 -222 -331 -47 143 -759 151 -362 -284 257 -681 -320 -644 537 -543 -282 -538 -272 -198 212 217 136 82 -151 -9 -518 262 -89 -119 -643 -428 377 322 -23 70 
-280 -296 -334 -428 248 395 -377 -431 -877 412 160 -218 -242 159 96 232 86 194 -275 230 140 80 578 167 -701 288 80 -361 317 -446 -104 -281 138 565 394 -460 270 -664 -687 -226 -451 216 -108 189 134 -122 -265 -61 373 -290 142 -340 86 -361 49 146 -153 36 -509 -351 117 -844 -196 -248 109 -321 -21 116 -24 -271 111 594 696 -735 408 146 277 203 -223 -676 -200 -398 -410 108 445 -45 -365 251 321 581 36 648 -404 12 392 -75 -31 342 -22 195 
410 30 442 -209 388 182 110 633 615 52 135 138 214 762 -88 13 283 -388 28 659 5 -226 -157 277 267 227 645 -360 232 -92 -292 -244 -189 416 14 -110 16 -159 -405 -3 0 -329 -154 -345 595 160 -608 -757 -526 -199 -555 -68 -192 -206 223 -365 411 -172 130 440 752 -109 187 -558 194 -159 -902 324 148 513 -951 286 -27 -146 25 -89 -374 -615 -346 346 170 51 207 58 -105 -510 -220 128 -836 237 152 180 -348 -258 -172 -189 -248 765 -161 -392 
-139 192 21 344 -367 379 69 -193 -160 642 458 273 161 -172 -261 53 3 540 300 123 900 212 170 154 208 609 -246 -201 389 149 -76 -585 -24 -427 -315 23 -461 282 167 398 539 126 -512 279 -394 644 160 281 -64 -443 976 -466 832 57 -139 186 319 391 645 15 6 56 458 -149 -483 -201 615 -443 228 -407 -129 -169 324 -199 160 -409 -88 217 31 150 -344 215 429 157 141 142 25 276 707 -381 157 -265 111 -415 -43 -340 457 -312 -533 122 
194 378 124 -28 168 347 260 263 491 -116 646 -323 466 546 636 602 371 78 -196 283 29 -27 -94 577 196 -501 57 -105 318 -733 572 -191 46 452 805 4 241 -578 -152 -585 141 -63 -192 12 355 -411 -703 -64 -22 -164 -161 159 -194 -199 -398 407 253 -75 -443 407 274 -98 53 -48 -139 -48 66 -570 -39 532 -165 153 -79 -125 -458 -71 -589 317 -96 -269 -375 -233 183 -39 123 -399 -306 633 -447 -112 101 -592 -225 -398 137 187 -287 470 287 260 
-392 -275 -213 338 448 -495 288 66 -181 -604 -243 63 -315 -123 -36 -302 -438 -409 65 495 -265 -274 -64 264 -25 -83 211 -74 150 131 -604 310 -23 402 106 428 -329 -337 72 -357 127 -442 -725 -15 -62 52 -111 -146 322 -91 -652 283 159 -52 334 -32 180 -339 -218 66 226 325 581 -237 249 169 -272 339 -87 -129 -196 199 -309 -235 105 98 -2 4 347 -271 -71 34 223 421 213 170 -208 -282 -667 451 -347 -448 -273 92 -237 148 -641 12 -118 -444 
728 -204 350 173 -296 -381 414 210 170 341 107 738 220 194 -624 532 -406 -537 93 730 -41 303 48 169 -116 -237 108 -98 -539 -42 -290 423 543 247 553 -433 -24 180 -423 -455 -436 -133 74 -178 241 514 263 131 -467 89 171 -57 171 -6 -273 838 -257 136 579 564 889 -51 797 -199 -297 -282 -237 -429 -839 611 576 -461 -274 321 -500 193 -294 290 -327 -36 -306 146 223 -8 393 -302 283 -403 142 -106 -8 789 -409 -744 292 -304 147 -496 -284 -41 
118 194 131 136 229 125 -737 -236 -53 -262 574 612 -69 395 278 3 99 113 -544 -367 -302 285 -331 -147 -347 -215 333 1103 -124 -662 -66 -122 216 -101 491 -262 -227 50 -132 426 -411 15 -117 -115 -954 184 -16 95 -265 827 -550 -145 -411 318 -146 -481 -378 219 -278 855 566 -321 -217 -276 -339 354 -91 551 76 649 -123 -345 407 164 186 -767 18 -97 -315 387 -154 -593 -302 -454 513 -30 120 -520 29 315 190 623 -101 -1214 355 183 237 691 -410 -387 
193 487 843 -524 966 -193 396 -444 169 -1138 -309 -650 -126 -406 -143 -45 509 -478 439 -541 -351 -170 -268 396 -282 178 570 -17 -336 -18 -413 -280 -237 -423 -281 -479 -114 628 53 76 397 39 228 -139 -38 -19 78 -260 -375 -46 280 690 -298 149 -684 156 492 -167 -306 -494 -93 -119 -507 117 582 945 -388 118 821 213 303 5 1054 443 112 -164 73 382 -143 11 746 -675 -361 -219 3 -151 -322 652 -22 -793 -215 52 -336 222 -225 -90 -399 -662 584 -155 
-58 493 8 -52 -704 -228 155 -585 439 647 -143 489 -274 -316 -175 -220 -561 -647 -441 -193 -14 159 246 -341 -329 355 -357 270 -487 429 -535 272 481 -430 -379 99 -490 -138 143 507 -480 308 195 -228 27 -141 -73 434 119 -332 145 365 -70 45 -294 -474 -591 -200 -190 69 149 -442 404 -385 -523 -310 616 -231 527 135 472 -522 -30 382 -688 313 344 110 172 310 -275 626 -21 -16 447 246 -48 -239 107 205 64 33 -148 90 -42 -431 151 497 -61 -300 
78 66 58 267 84 -37 150 -109 8 182 -166 28 -256 90 -595 -328 -311 -309 343 257 528 -377 137 -20 201 98 37 -74 -858 26 -836 -542 456 -112 52 329 190 -374 -407 -247 241 308 -497 224 212 263 231 -397 281 21 349 61 -490 98 381 -460 38 101 -202 309 244 -238 -4 -248 190 -556 -745 298 -65 -86 -305 714 -23 -779 444 293 -352 50 -281 -743 -646 -212 -463 -73 132 -228 -81 267 -351 -283 -85 -21 55 -212 413 460 -37 -126 -250 503 
491 301 373 72 -627 -739 100 214 -400 529 95 484 -226 30 -243 -284 54 355 -368 -594 434 47 -37 142 -480 65 -635 260 -272 216 -18 174 109 247 588 -790 -637 -804 -308 373 -87 150 21 333 -588 312 -54 -321 170 -370 141 -758 15 -312 -116 -525 -93 -96 253 140 337 -240 191 -86 -127 -471 771 171 630 -174 145 -281 95 -682 300 -168 17 -31 143 -43 -212 248 106 -100 34 -67 256 239 -101 155 253 -32 -135 -344 239 650 322 -1 -92 405 
552 53 -39 615 238 108 -130 43 121 -309 -20 93 552 -352 -196 -2 70 -325 304 139 -22 -373 -132 -109 178 117 -513 -582 -96 298 -137 1159 -781 -157 265 -6 -700 107 216 348 869 -120 -411 -348 -97 241 33 -350 -73 -553 179 -116 -141 -911 35 2 469 -76 658 -314 -421 -179 -96 562 677 -486 217 -323 -106 -178 -133 527 -275 -387 -530 290 56 682 31 -389 -259 186 -143 -197 142 311 -255 265 -508 132 99 -201 548 538 -236 83 -68 -70 -482 -134 
-489 -394 -249 494 -253 644 -542 -96 -492 -97 472 -170 299 -292 235 -375 -118 -69 -467 145 689 -217 329 222 -614 450 421 -75 98 148 277 302 -117 497 193 -880 125 -309 -30 -17 -94 -465 -212 0 206 351 -139 659 -145 -339 -75 -122 183 -145 246 -146 -28 -198 -66 325 -303 -15 -245 -51 -166 -682 -244 572 -386 256 -295 356 -16 -185 287 202 -358 -80 -227 -215 -418 -71 -119 -111 110 19 269 196 -247 618 382 -23 -596 -237 -323 184 61 96 -348 526 
697 -51 -8 72 -376 -91 137 -567 361 207 -28 202 295 21 -594 442 -348 -16 309 348 567 -233 -17 309 223 369 169 602 -590 -280 -417 -387 210 -104 209 -493 -357 146 278 887 378 125 -64 -272 -426 634 633 741 -55 -183 215 -290 146 162 -34 -155 412 246 149 258 861 -562 -209 563 70 3 -52 -165 254 200 -466 -223 430 -80 200 -212 212 547 233 -504 -43 408 -333 236 579 539 -257 403 218 329 648 407 358 -964 -109 549 160 -394 -443 161 
-192 495 -190 385 -626 -47 400 71 79 118 53 -443 452 -195 193 -713 -632 -509 -14 293 83 170 -109 456 49 -273 70 291 126 -205 147 -84 933 -430 -237 125 302 466 498 587 94 -231 -226 649 479 0 682 337 -277 78 -209 -128 199 349 -89 198 2 -7 56 -276 -311 -231 273 -550 -407 6 -404 -163 218 -141 -72 -234 -710 -239 -363 -194 512 151 76 327 -383 3 -254 -172 -431 111 -157 -196 554 -653 -164 -255 172 230 865 -6 -306 -462 -439 -768 
168 -16 950 -84 201 -16 -98 62 -386 -59 271 355 -22 -13 -62 437 -76 -3 877 -299 -174 332 -188 -450 251 -436 -244 115 428 -456 -191 -615 37 -676 275 894 -389 -65 224 706 567 -275 421 -76 10 542 -116 355 719 267 293 -122 -138 118 565 -25 318 303 -552 269 665 686 167 851 -181 303 251 464 -765 409 354 -585 -326 -6 415 201 562 269 -221 478 -307 -174 302 -196 383 -340 393 -383 -273 -457 -126 -384 602 207 -183 -382 309 404 -243 274 
316 -87 12 305 633 154 44 -679 219 340 64 370 -14 -84 -62 134 -81 178 -95 -480 83 -587 179 -11 -372 361 84 142 -67 465 -817 -283 -41 -559 -238 -138 -357 -739 153 550 149 256 435 -297 358 330 -134 518 -617 221 533 823 -380 -239 161 263 849 56 -335 359 185 89 -551 -89 172 -415 -572 345 434 420 -687 53 198 -300 18 592 -220 -165 -375 -297 -145 -342 -355 416 -64 23 369 555 -211 213 -243 -388 -454 410 452 558 -518 176 583 125 
-182 418 438 251 256 -191 510 74 537 34 320 347 89 128 425 722 425 -431 -51 -220 22 212 -51 448 105 -959 348 70 195 251 24 15 303 -272 797 268 -100 -396 374 124 -90 -427 -223 -122 607 -400 -202 16 104 -171 243 84 541 -131 -7 -208 -178 -268 -435 143 -393 -66 459 -402 -339 -203 -209 -307 171 287 -344 -602 -508 196 -338 231 13 55 -233 707 -740 -190 -233 -22 875 290 190 80 -408 -662 -452 -362 -379 -24 331 -183 394 205 55 -586 
311 337 322 162 -84 -271 -476 595 -102 196 -26 -172 212 -109 -280 -286 81 -113 106 -9 -225 56 103 404 52 257 -79 -388 182 309 -586 -189 -171 147 -554 -24 21 -134 -84 -568 215 392 208 46 -117 506 135 -36 -441 374 298 -60 840 43 -232 -289 321 -283 98 -5 205 132 -120 221 502 -78 349 -98 -65 255 -113 -121 -19 -882 -71 -410 -751 -31 -64 -60 -246 207 84 -377 -173 -559 -39 -21 273 -222 -325 -667 354 251 339 -518 388 -594 -218 673 
67 663 -469 357 -449 134 -77 34 285 126 176 -135 60 -425 324 58 42 459 443 -298 581 -42 89 554 438 -275 -682 97 -240 162 465 -295 455 -11 320 -493 194 -889 37 -182 -296 -143 -745 274 -157 -810 92 -67 -47 -54 476 -256 326 -347 659 -522 132 -166 -330 -398 326 -70 506 427 222 -439 18 -443 587 -126 474 -409 742 34 87 76 -469 127 148 -96 31 51 -31 303 618 318 -157 285 -78 316 34 -135 71 -368 297 762 302 134 -136 -642 
-684 -14 -238 -55 76 -133 92 -225 -148 -190 -261 -93 -337 458 -26 -305 196 6 221 -1377 114 171 -474 -55 234 337 404 -104 669 436 -115 228 -476 243 220 219 -532 196 726 104 -156 402 -810 -481 487 -220 3 -283 -327 -292 807 492 -418 749 413 89 -643 -261 329 -383 -330 135 -230 -56 -716 217 108 75 -48 -317 -314 86 7 -697 172 -119 205 -645 -450 -363 127 180 -76 -140 -481 -20 273 -109 -323 183 -478 -22 -71 501 34 392 263 -496 -348 314 
-136 -99 -159 292 -285 63 158 -588 -231 274 16 438 -102 -183 -717 -99 -416 157 212 27 530 -350 725 389 647 348 310 318 -17 -127 -659 93 78 189 87 560 1290 308 17 98 208 162 331 -675 -70 1022 560 -6 54 551 -28 -200 -736 70 -27 225 -442 174 -842 -553 196 -117 85 -271 -507 -419 -137 407 -345 -325 163 146 -269 306 -490 -167 -43 45 581 74 -539 234 -383 144 729 -176 270 -621 83 307 -260 90 -611 -468 -268 -710 255 123 -444 -340 
446 256 470 -303 394 465 -462 432 1268 73 -75 -260 -19 365 -328 -132 649 485 390 -460 -561 185 531 113 50 -308 205 -178 190 -44 -446 61 -386 4 -97 -148 465 152 589 427 -287 -193 307 -560 -297 484 56 -326 145 885 -134 128 -101 -103 190 -165 735 -266 411 410 412 -145 -258 -33 -44 141 -384 159 609 743 14 -59 -340 297 2 -327 -595 265 -1048 125 402 -193 -702 -419 305 255 -233 -427 109 -164 -437 380 -28 275 415 -335 3 529 525 65 
-83 -356 341 1 414 87 -312 294 824 -417 337 509 43 341 576 50 154 557 162 -341 -384 269 -293 480 832 154 887 -245 600 -201 673 488 17 -305 -165 551 -75 34 170 357 -238 201 283 -303 384 -315 -405 -470 -213 786 -175 333 438 267 457 423 -13 -446 -1 478 270 310 -156 -890 -166 250 410 -208 -353 382 -35 -226 520 -375 -270 -423 -1220 53 -440 356 145 252 148 -120 -791 -95 230 -10 482 -490 -426 19 -720 66 216 -291 -203 547 500 -207 
-83 218 467 -303 32 -115 393 369 -42 337 -251 -37 -622 1 -239 66 440 204 83 247 -163 -263 -250 -416 69 -226 819 -128 229 -192 -461 -517 361 85 -9 -171 267 146 -81 181 -256 314 335 -540 566 309 861 217 -166 -120 94 313 120 -100 -355 457 -237 -4 -207 204 -375 242 143 -15 -396 1 185 -229 55 -24 -440 -29 83 291 -119 -163 -121 88 450 532 774 112 236 -210 -16 -195 -456 -16 -413 -8 589 209 320 -527 -272 -223 202 -245 -72 589 
-156 15 -479 115 254 12 -380 119 232 -507 26 173 -257 -80 482 466 361 -158 -439 -259 -499 -323 -240 137 126 25 -230 -252 415 -548 645 275 333 -248 348 7 -30 -1327 -107 -46 -299 -229 -79 348 358 -694 -262 -419 26 -169 -540 -244 285 253 205 274 -696 59 394 214 -266 197 216 -37 -155 73 -107 269 302 527 63 250 5 -105 237 -368 38 -129 216 291 75 92 -364 -207 -102 974 -21 473 388 -132 94 344 212 240 251 130 106 29 745 -362 
81 -37 -38 387 22 -413 332 -644 72 700 -356 329 624 -101 -462 -492 -706 384 333 -121 437 -214 -20 75 161 -260 219 84 -45 537 -670 673 330 -388 420 1 858 906 723 69 -210 74 -310 -715 -189 284 312 513 67 479 -128 109 265 105 219 288 -230 -253 464 -406 289 43 -130 156 -194 -110 124 -400 -824 -153 52 -159 -99 -50 -484 -481 -7 3 81 -222 512 519 -132 -254 92 609 345 -251 3 -183 366 276 -141 -551 -217 -337 160 -385 -700 -658 
-48 532 -151 -39 184 -373 288 236 -684 41 -313 798 -67 390 -479 -187 -323 184 650 -186 110 -558 -148 129 -103 171 215 520 -202 252 -235 172 -285 -227 -709 -48 625 -359 434 -339 354 765 -253 225 485 28 -377 -379 -519 -141 270 -838 -14 -265 571 411 -94 472 293 -415 379 611 -340 -51 231 -68 204 414 103 199 258 453 -99 -644 -31 305 -246 -530 -391 -273 298 -74 370 215 298 186 166 387 -13 293 22 -635 496 -236 -188 -59 19 -399 -561 202 
-58 468 42 875 -49 -36 11 742 144 -192 240 112 -214 -317 -1245 -170 29 -104 -158 250 -271 -393 -59 -516 -290 -695 472 -1129 -93 55 -552 164 -405 -55 339 670 405 513 207 -140 -257 -99 168 126 284 -51 540 -291 161 503 297 -363 184 -256 311 390 -61 -4 995 -599 214 667 -110 -192 -106 282 -546 141 -142 157 -444 389 -188 -431 -236 -203 -492 -506 -132 -175 302 -542 -218 -934 82 220 -172 -588 158 -494 -409 -243 484 -263 201 -220 124 -341 13 178 
