-557 191 639 670 295 402 -114 42 108 171 559 91 420 -422 48 557 658 -246 33 383 127 199 236 406 -47 548 -40 85 -105 136 -525 46 -222 77 -313 552 -47 84 -187 -313 -110 54 144 549 -140 862 85 -94 312 -130 5 -224 -943 -448 50 -600 -100 87 1010 16 -502 -95 457 -285 -99 426 147 168 328 65 334 1020 346 18 -52 -554 72 -178 466 327 -80 252 169 -40 320 73 -323 -73 338 -307 73 495 -393 -43 162 -86 186 -454 607 -270
-129 -252 -15 653 130 523 -192 -302 417 283 141 -22 -84 -594 -113 369 -94 -214 442 456 260 203 467 161 -404 -5 -263 21 170 -270 403 446 -881 -553 126 -40 401 -87 -1254 136 -313 -283 -310 -72 215 672 236 -128 541 -282 63 -794 154 -143 -386 290 534 -628 130 -268 -358 246 364 -123 -464 -76 -160 310 -51 -430 -81 154 368 -529 169 127 -274 200 -436 230 -16 -196 397 281 135 339 72 173 -542 -87 402 -950 -214 -48 108 -302 -734 -405 426 138
265 -243 -271 335 199 -165 -276 -644 -446 -225 -408 -455 -517 -413 -301 -281 342 66 44 514 -160 -343 317 -982 -161 -395 -217 10 300 -199 698 -502 101 -136 -366 211 -430 -52 4 231 -402 813 -639 372 -247 9 -631 -1090 -380 -394 -218 -174 726 309 -150 665 477 270 40 65 584 36 -452 129 -326 -243 129 651 -570 266 -74 -296 364 470 293 309 459 -255 -64 351 -93 148 -86 -53 52 -208 572 667 327 1124 -78 -707 -348 405 -35 -149 285 -75 -594 72
-200 429 -122 137 -239 -65 152 121 212 -327 348 1025 -588 183 13 -123 -311 -239 182 -1019 583 663 506 267 -292 56 -181 264 68 -70 105 -415 217 -420 885 495 648 85 261 238 -551 -338 -11 350 63 360 -363 130 741 -108 165 -212 145 -333 -594 -764 105 -268 12 -4 -302 -441 -104 114 189 -698 -200 470 457 -567 210 -98 239 782 311 9 -9 378 -558 -151 -460 191 -586 -476 480 -302 186 -766 -874 -415 165 137 -28 44 -49 160 -752 -190 173 -105
509 489 146 -559 -687 -48 255 495 -10 -80 -123 29 -510 38 -254 34 -393 865 -72 -705 240 139 44 -537 158 412 -50 -498 293 41 380 -616 274 -98 217 483 -129 -194 -76 -330 -413 448 371 -47 -419 176 25 102 113 84 112 264 16 63 -428 -117 59 -125 -186 -314 -62 111 -1002 828 -30 -196 656 46 152 485 -520 -552 -513 72 -420 -89 -347 -42 141 -257 -266 -352 261 -120 297 -171 43 -453 -248 220 -473 246 -424 142 443 348 -28 553 -302 54
-674 320 -576 -466 605 296 -788 -331 -330 -145 59 -338 900 -573 -90 -51 -474 -536 -397 398 529 -495 244 197 -338 53 538 323 -349 149 239 -572 -864 630 -257 -898 136 401 -241 42 -242 614 269 -102 -370 -271 -129 246 -179 -87 -283 -126 59 -244 -254 -247 -727 389 -366 117 587 557 -116 -224 312 -38 -110 538 -146 44 448 -219 513 637 370 -115 200 -416 -754 -105 291 105 -257 -499 -288 -182 -312 -262 419 -798 7 -856 407 -455 -304 -39 81 88 848 221
-22 384 -321 43 74 -355 -692 -3 81 -245 -396 -744 -239 -610 -542 -278 -799 240 330 457 -384 -327 1098 -301 134 365 498 -92 590 -39 532 143 -437 -233 260 154 453 212 -305 -157 -329 -30 344 -34 -244 539 392 -268 867 94 -272 -196 386 -178 -324 130 132 259 -17 -268 181 -13 -284 976 -102 61 -402 115 1215 529 623 -612 148 421 173 555 -159 578 -70 -82 87 335 -859 454 1095 -355 507 -355 -221 424 -519 631 -260 27 -275 485 -561 -365 254 208
-991 65 144 -678 -1056 138 -253 -78 -28 119 43 -74 721 -413 -401 -378 -45 339 -255 53 -131 209 -139 521 302 -216 351 -769 776 -254 212 729 -449 568 105 -382 800 132 -867 -354 -36 504 -38 -258 27 -144 -74 -19 -326 -175 -252 -5 26 -57 189 100 27 -348 -78 -380 -331 256 -494 276 -337 1093 93 1460 -190 -158 9 -584 -43 49 -18 -408 263 202 -149 307 -218 397 426 -374 -283 1 459 136 363 -156 -195 -20 -92 467 371 188 462 -196 503 8
121 -835 71 -444 -454 567 56 -2 -6 -194 256 230 -471 -943 -366 77 98 10 148 -42 134 -182 155 -46 220 -115 123 -267 546 -191 -251 607 36 403 -418 -219 -143 335 132 -590 299 -92 76 378 -343 562 1004 404 -506 -294 307 -61 -58 -28 578 143 306 113 -25 -248 -17 -320 -174 -426 -139 -76 -481 -101 319 188 213 218 15 205 43 359 154 -711 31 329 654 161 -82 -977 -365 -160 -52 122 49 -37 -753 4 242 -282 1104 683 -27 425 -90 -544
-41 -56 -219 216 -250 -66 161 -177 302 -126 338 494 -368 -169 73 70 694 -336 -256 -232 -248 -386 269 -260 -42 290 364 433 -248 -548 46 246 -205 590 245 -51 114 500 22 203 -483 237 -128 590 262 410 -909 -290 70 5 -85 361 201 -401 357 285 711 -165 -181 -257 -463 304 -504 352 42 -163 -63 -10 -366 0 -52 85 84 288 599 157 -65 -317 -583 -131 -421 203 148 -47 -489 428 3 -148 -98 236 46 -567 -167 432 -230 -229 379 -77 2 -232
566 242 528 -77 -172 409 -60 159 165 -315 364 46 113 -257 -457 65 703 -133 -3 -236 -61 8 -560 -352 384 -571 222 318 180 177 -477 -145 256 204 -495 608 -511 -193 894 623 -404 -561 -652 54 77 137 -264 -259 -54 189 -297 -209 -610 -353 5 541 324 681 -209 385 664 78 -97 96 186 275 -576 529 -576 -6 334 595 117 1611 242 -23 -198 90 177 -143 65 -598 -23 -132 -504 -19 502 -201 387 -481 -265 925 647 836 -93 54 -261 -536 -625 -490
167 -238 -198 187 189 -438 103 -348 131 367 88 31 135 -35 78 -115 17 -498 -510 711 -25 505 -63 -21 328 -451 -425 66 248 -738 135 -278 32 -141 554 814 74 -682 -772 91 -329 132 -108 -228 -295 486 -194 -509 -497 -456 -570 820 -680 502 292 535 -313 -47 -127 326 30 -256 3 -553 -197 -268 -171 23 -33 -652 -27 467 254 36 6 212 3 -137 740 -117 -155 -132 -1 121 262 232 59 -474 -242 -5 322 191 -94 139 -285 177 -59 60 -16 580
-61 357 0 -53 -678 535 -1 10 -33 -327 -99 -281 -77 507 -382 178 -418 -537 -22 -459 639 -31 -319 -87 149 610 313 -21 -43 -10 207 -341 110 -301 -371 -3 -799 -42 185 -344 193 -199 268 -73 276 -235 559 602 366 649 -362 -762 323 283 29 -610 -510 220 -156 -68 -336 192 -91 -188 21 -601 -664 87 -15 290 512 97 -641 177 -175 -230 -403 243 -277 -725 184 -341 -446 141 -361 -435 -281 312 -1008 -130 190 -85 666 -584 669 262 -28 227 -308 -177
222 8 -168 234 326 -663 502 476 231 -481 -474 434 -404 -93 -326 -561 263 273 -247 -504 -110 20 -80 -520 -171 -723 124 -500 248 -275 -350 -730 178 254 146 -380 525 -338 755 376 -40 -125 311 220 -253 -9 -81 120 340 133 159 -419 526 -244 826 -490 -469 350 -310 158 246 102 324 -160 464 -122 -507 342 323 -192 314 -399 118 629 -248 -360 192 494 14 -475 22 -84 -697 55 378 -458 40 3 476 25 303 131 175 256 108 -82 -407 -364 -58 -85
-188 -38 -145 -121 -18 -202 -86 -254 392 -400 -226 -173 173 -167 -216 214 762 -27 29 175 39 21 107 74 173 19 797 436 612 217 -125 731 -171 -34 -420 270 -205 142 -346 -8 -1657 921 120 179 198 -69 293 82 88 178 588 -483 84 193 28 153 612 -10 -90 -698 -464 79 68 96 -115 599 -358 170 138 -83 91 -149 -427 145 -128 487 -267 -474 -465 118 -562 -304 446 371 -517 -357 54 107 -350 5 535 29 435 246 70 -198 -78 -244 26 -430
-577 8 101 -300 -740 -269 -39 166 83 155 246 -623 -376 -84 78 546 450 277 636 -112 424 -124 -294 487 -263 -148 -460 92 -44 -720 -43 178 50 -416 51 31 -743 2 -223 -41 -645 -125 213 -149 230 755 -460 92 297 -426 -133 -127 -78 -366 40 457 49 -151 -159 -386 -535 33 176 -843 -756 -65 -600 598 -212 41 378 510 111 325 -330 -139 665 468 -515 164 -302 -148 -152 -13 62 218 -505 140 -881 -64 -526 -76 129 366 373 -3 -577 71 -638 -903
-127 -29 66 -304 -649 99 -580 2 -175 -281 201 -269 686 203 4 -762 -459 -311 87 -694 -33 71 18 -823 147 -155 472 -388 35 36 -130 -248 198 19 -295 -50 380 -162 -75 330 501 142 -320 425 -504 552 -295 -257 413 216 -174 -51 369 284 -191 -250 384 -174 -139 -282 -268 541 274 554 57 371 -239 283 245 117 2 -21 -12 541 893 -371 -442 133 -444 -472 463 244 -300 162 153 -168 100 -150 -295 207 26 94 179 -217 26 -214 -99 -146 564 323
562 -545 512 691 15 -175 -494 -918 525 -135 64 -373 249 65 -281 2 269 481 288 -112 -570 -613 -55 -453 -136 -50 -14 205 -173 -349 -66 -845 14 257 -730 97 -358 -119 76 508 309 -441 -585 -408 285 334 93 -138 100 212 -270 -483 3 0 -8 -214 787 449 -41 -137 364 750 597 100 90 525 147 454 268 25 -38 -182 -27 -559 655 745 515 -39 -167 -115 575 435 162 354 4 160 104 12 114 419 205 -196 -126 618 -517 -1006 321 212 412 -29
107 233 -364 -224 118 -352 -112 137 -715 157 18 624 -239 -447 13 525 101 -315 -417 55 253 99 -152 483 251 252 -73 -492 692 -190 -203 205 90 -184 21 293 178 77 -342 -628 -337 258 -34 261 391 199 -582 -191 -294 -794 -739 -184 287 -191 -278 34 -494 -476 78 -208 78 262 -311 -150 -174 -305 345 410 111 -185 65 -885 429 1033 -301 -172 281 -5 81 -394 113 253 -25 -127 45 449 -65 113 -419 9 -641 126 -568 655 367 -329 353 -761 92 -539
-158 -582 -514 -310 -261 232 326 -356 -334 -267 514 -124 550 304 647 507 1 142 183 -181 675 -92 259 -93 -553 626 -1 -266 -185 -69 -71 -341 231 -455 411 149 -143 -303 -142 -292 241 126 -162 451 -644 395 -353 213 -168 9 226 374 381 121 335 -296 157 317 321 5 -609 111 257 150 130 -909 -419 338 -108 -305 287 150 -175 593 437 -478 675 -8 -363 -320 507 -216 190 568 -249 618 -827 -152 -327 129 99 95 315 -132 101 -228 373 232 99 26
-141 -98 314 -606 3 -416 16 -35 -694 322 218 176 409 106 60 100 -548 165 448 369 -345 181 66 -35 417 -617 -399 407 172 418 -86 6 417 125 622 -124 60 27 208 87 -275 111 -432 114 -500 -891 -630 235 -168 -368 81 -92 199 80 -141 -5 -478 -454 411 248 126 -36 -132 463 -199 30 -61 540 -201 313 -1139 123 386 -886 -14 -41 70 25 -324 250 54 -351 -14 244 -202 146 122 13 -95 -168 -79 -76 241 320 -389 -480 -218 -383 -269 746
445 -267 -65 617 -93 245 158 32 -757 678 495 -402 -516 -335 -124 300 3 573 449 493 265 797 -115 5 116 187 -629 -87 -43 -294 467 86 330 -501 -309 -353 160 45 -441 119 -43 574 -39 -744 -479 351 -53 566 -165 -650 275 -272 151 104 -713 -328 -192 36 -551 -539 509 157 -139 160 -182 -516 -237 -585 -43 17 -1120 438 -281 -493 -179 -173 -314 -314 303 -90 -173 500 287 -588 -508 -326 23 -385 395 539 912 -465 295 -186 409 -208 -2 239 -525 235
153 -388 90 -39 -288 -73 -325 -127 -98 127 203 -350 -158 -128 214 -452 410 92 -103 -276 432 -74 29 -199 -281 34 -152 306 -120 209 179 127 214 397 -136 270 175 -256 635 501 -572 152 -339 -240 524 584 -70 91 0 567 -496 221 364 -234 -423 635 199 356 -172 -384 62 220 -44 -70 -38 -324 -127 61 -69 824 237 -252 231 555 -214 43 -218 -273 285 156 -140 81 -389 346 184 -305 -347 -24 -685 299 145 309 -173 147 -563 66 263 32 -791 16
125 -279 -39 -421 138 -354 -111 383 114 -30 315 107 170 429 474 -224 -361 -209 20 -530 63 -442 196 113 317 106 273 829 -298 -128 -48 198 -472 -801 410 -109 -696 -221 -200 12 107 -164 274 -308 272 -488 157 178 -278 -266 262 42 -35 -83 122 532 -480 -798 -975 182 506 257 -457 -17 -131 97 -378 62 -110 -176 106 -331 -847 -411 -38 -65 -360 -28 -140 -62 -52 269 571 -61 -77 -170 187 -1147 -244 -203 -207 -101 482 126 184 763 -832 262 92 341
-299 -68 312 513 -389 380 -140 549 6 -382 136 335 514 -163 -262 251 441 304 665 161 -575 -468 8 130 280 -88 526 -245 -354 -581 -79 271 -636 275 -587 -557 -8 -493 164 -526 -40 -356 -7 -614 21 295 6 -268 510 88 -58 -2 152 -440 137 -360 -278 -784 -364 -507 50 -285 -141 -59 -943 130 82 613 236 -99 -65 -240 363 262 -446 -85 -93 -492 179 -523 210 7 52 -2 198 -697 -359 -724 419 61 -108 468 178 362 239 437 -197 152 521 -89
-182 142 -479 58 -37 257 -109 85 -100 454 -608 128 -165 571 486 775 -50 -364 37 520 -336 696 -17 393 -24 -65 -79 383 -63 284 -250 68 -190 227 -449 127 -259 603 428 -149 -779 474 -29 -432 968 -105 511 -219 -545 465 14 193 514 22 89 4 264 -246 675 149 -42 -193 223 -64 396 -219 728 -689 -380 147 -216 177 438 9 -399 111 46 -887 -2 633 -568 -192 -380 -168 -675 218 -575 748 2 269 582 91 -744 -99 47 48 -122 748 -446 -344
-94 462 -210 -464 230 474 82 80 -87 11 -35 -457 -177 -188 -127 153 183 -289 425 193 -96 479 -237 533 -266 72 435 -554 -324 -321 371 134 5 208 -788 -340 -475 290 -135 -722 97 211 345 -47 -828 -865 422 -148 356 -77 186 318 -1095 -207 290 -832 -103 508 -503 -335 630 76 -54 425 369 -166 67 407 398 -35 -105 845 -169 9 -211 89 -351 269 109 -516 -336 -286 -75 -37 440 -276 -291 -112 178 229 61 7 525 -142 -86 279 -246 453 -173 -143
-74 64 -30 -597 582 163 452 258 -266 108 579 -197 -406 87 -258 505 426 692 275 -776 -437 365 479 278 -641 -12 507 -95 145 283 -101 301 -161 -628 351 226 -250 -59 -556 -453 466 -37 131 781 -206 -89 344 -10 -495 178 -53 448 -246 21 -400 -119 368 77 -849 151 -383 476 34 391 141 -368 43 -231 -31 -715 -145 678 18 -124 476 -444 283 228 -241 -221 488 -246 227 450 675 -171 297 -952 -464 345 315 -486 622 -507 182 5 -710 -57 325 54
281 -231 192 411 -263 439 -516 -236 450 318 139 310 764 -179 91 10 84 -12 153 664 -635 291 -217 -731 90 28 356 298 -103 -8 490 396 -1052 -322 -76 204 -246 112 226 197 -615 -146 -181 -344 -251 225 127 -483 230 359 -1162 65 61 -332 -296 240 509 -257 -251 -144 141 -227 134 -60 302 165 34 1110 -79 -156 602 -185 -501 -248 -238 4 -164 -370 -385 401 77 46 -134 168 383 276 -295 -224 362 -362 57 24 -62 -57 181 -24 -162 -168 297 142
102 -117 484 -48 323 -323 156 113 259 636 -43 263 -565 81 572 26 0 355 -66 -966 81 385 545 40 -37 312 314 -388 769 -60 -6 -702 751 -434 -98 487 102 -812 236 -367 -89 -332 472 769 130 441 -51 -275 267 -381 48 -369 -66 656 317 -738 -191 -213 912 57 -244 115 -35 613 23 202 125 -432 353 -15 66 240 -299 42 -100 274 -60 561 -537 79 137 -420 106 301 1065 -242 116 -210 -670 -122 321 42 -341 -166 -234 -324 -580 138 333 -123
-301 97 -514 443 -242 54 -671 270 -1038 -268 -68 713 121 311 129 273 -93 8 777 -154 -546 -323 -148 -204 172 -86 -115 0 632 -340 678 240 -892 -76 -180 305 14 475 -472 471 -97 210 -110 -176 -396 675 -481 -433 107 -561 128 506 486 455 41 53 33 157 26 -171 -906 -101 -198 -326 -722 -132 140 99 -263 -627 198 -26 -102 -315 300 698 103 -436 -693 50 776 -316 -445 -143 -381 601 -649 -492 46 860 220 -127 52 -157 607 -25 147 -146 209 46
216 -624 190 200 -265 -326 146 -629 197 -486 -58 122 450 -259 -267 -63 -228 530 -213 1 -217 -889 709 163 -324 142 -214 113 176 -261 522 -399 -325 5 329 75 400 -801 -477 352 72 -180 -85 373 -866 194 -191 -273 619 433 319 -219 -188 364 -301 -417 417 -284 -328 -823 -465 27 -245 201 -607 537 72 368 25 351 -604 -807 109 -289 599 710 410 -411 -63 34 413 47 386 150 193 103 148 -236 -139 1038 -21 -350 -790 230 -137 -294 134 -246 -248 -288
-77 165 -114 -537 260 -427 656 36 -110 -227 138 -489 520 107 -124 -32 -592 -150 -253 347 -467 -482 755 293 -238 -226 18 168 -356 227 23 182 -80 138 214 -409 150 -331 323 201 379 -140 79 99 -305 38 565 390 483 440 460 -54 -387 -274 204 -139 -193 473 -125 -456 -192 -227 -407 -86 -277 187 105 -153 373 65 -360 655 684 214 45 -63 -113 -302 351 120 318 29 -533 -260 161 -75 -140 -228 34 187 -105 1 -310 -17 238 744 -367 -228 -204 311
-20 517 61 400 172 7 492 -832 -37 273 -416 3 235 903 -223 295 223 315 574 8 10 110 148 -560 40 -179 486 160 -156 303 -122 -278 106 -404 505 681 -221 -109 -312 189 331 578 -236 12 -624 -73 -575 -648 -218 -589 555 131 95 1215 552 689 138 191 361 422 -187 -242 -43 173 397 293 155 245 -316 106 311 -110 -142 -113 -92 -258 -140 461 212 688 226 -214 125 16 232 -139 310 415 214 -99 -646 -343 -211 -338 135 143 -314 -386 252 567
185 -274 -81 2 -134 -510 -246 156 249 -19 -339 -294 335 -110 -233 22 23 155 167 777 -298 118 34 365 636 386 -180 140 583 -102 -91 557 25 7 540 -176 211 -225 52 332 -123 40 59 -89 -360 -20 76 235 -335 160 1030 -3 -166 0 88 -392 -196 284 -356 435 121 -227 -280 87 459 359 544 -325 217 -11 -373 -208 -428 -607 -581 -63 -90 -659 5 200 313 154 372 -76 -109 156 352 65 765 275 -583 -49 -593 -308 97 -365 -238 67 -208 78
80 306 -498 143 148 -125 -185 17 -70 305 103 -108 -190 -487 -1077 112 231 -75 -181 244 -284 -180 217 227 110 567 442 127 51 -309 720 266 -439 -428 -536 -65 -152 407 -499 -271 137 82 286 57 37 -144 235 -177 742 139 -270 -571 124 -260 115 422 -54 687 31 96 279 -239 105 69 -639 -16 152 80 -172 51 526 -82 -364 191 -410 -28 -659 109 32 72 242 79 -75 437 281 -41 -96 -60 -241 -6 -252 -542 226 77 -84 43 -405 700 24 -91
170 760 18 300 680 -156 67 -517 159 -16 70 383 21 -227 207 694 520 208 -556 -239 405 29 -149 -38 -459 361 246 750 -369 -349 -79 308 -567 226 79 16 -92 469 -710 -72 -276 -212 -173 -183 455 -23 534 345 -437 -630 -447 473 -292 -759 -196 595 -300 193 232 422 -198 -5 -199 145 735 42 -320 163 67 -545 410 200 79 122 39 -86 -166 202 178 -272 66 528 425 -255 -364 110 -720 -212 494 -693 -553 -476 80 -9 447 -275 -496 -193 1196 -873
576 -217 -190 29 645 -126 -200 -311 160 552 -61 419 16 69 454 86 1044 420 -574 -817 -56 -5 -293 -308 -486 -43 125 527 -489 -76 -503 -316 97 -571 270 101 37 -85 -120 762 -121 508 -333 250 -149 -19 -390 9 -24 -128 67 303 691 156 -230 593 -163 352 -365 -176 77 -113 -418 486 1066 -717 -585 -242 -687 346 34 -246 -378 187 -220 -327 -754 118 -195 29 -290 27 -397 239 -305 595 -523 -579 -145 -691 275 -86 90 -116 185 -451 -45 256 192 -101
-308 352 115 88 -146 301 -20 495 241 124 301 -238 -139 -11 -522 -86 307 -46 -263 334 262 479 51 229 281 -71 -175 -326 -366 -5 49 447 371 518 90 426 605 -243 120 654 -238 66 -539 560 -96 -144 504 -446 -393 -397 -127 -125 -430 -198 -355 -40 -82 -452 -97 63 -28 -60 116 -235 -193 677 436 -31 -309 65 -142 227 -60 205 -169 -531 186 -334 526 54 -734 -751 109 -441 -461 141 238 597 -379 213 -679 -348 -191 -76 137 -216 -450 -396 86 -194
-4 174 -53 -264 422 -625 171 -209 -199 343 161 -31 -261 379 28 217 160 -803 -132 -87 80 -565 229 -335 -13 -296 195 964 -358 -62 164 -153 68 45 211 51 -545 706 124 261 -222 233 59 601 237 682 822 219 362 497 61 542 458 300 -83 76 158 166 -243 -252 -268 639 827 -520 -128 220 61 -534 -874 -94 -485 784 -788 232 213 226 -249 -937 -367 347 6 -204 458 594 -577 307 -181 -65 -440 -171 660 -183 -690 283 493 86 -260 230 -69 203
-127 -135 7 -251 -17 -414 -259 -75 -211 -54 15 -330 310 -238 -112 539 65 -141 -38 308 283 -102 -143 421 -456 -53 148 46 109 148 -106 -487 -256 347 -306 919 125 402 507 392 -359 104 660 265 -329 -48 167 403 51 407 -33 -179 457 -293 -105 192 -373 -37 -194 -78 -379 -347 130 -690 -120 464 -243 360 -224 383 -124 35 24 678 -594 -303 486 -739 -553 34 -357 -571 159 -116 198 222 -623 491 -467 452 -86 144 -243 41 160 -276 399 0 -225 -400
119 192 -164 -406 447 55 284 -965 257 319 310 247 -163 -32 -237 210 -331 33 -316 84 -5 181 -44 717 566 -205 277 342 -234 544 -399 -317 118 -107 232 -248 367 147 379 268 550 -149 -532 -603 266 -467 -203 -27 52 150 343 100 504 -153 -520 -165 56 677 6 261 -303 -267 -600 -84 106 183 -347 -413 482 -146 -241 -37 324 -78 9 262 -135 -304 -148 -167 -17 315 -526 -603 575 358 134 150 -186 -499 -283 -510 67 -299 -361 342 490 -174 346 29
-269 21 -367 99 256 -190 69 768 192 196 236 59 -528 -223 -137 -115 480 450 280 -78 97 187 -211 -565 290 -230 654 -58 509 56 442 70 455 182 72 -119 -536 283 -366 51 -73 207 483 -365 -82 186 -89 -343 -326 -215 316 153 531 139 58 828 -787 -83 478 358 559 443 -330 578 -156 -5 -171 -210 190 -47 566 -176 -204 -367 75 94 9 486 777 -379 -267 154 -38 115 314 531 -550 51 -76 -279 -590 25 436 -67 -6 612 263 267 250 -81
-25 204 188 -140 -14 -371 651 -263 637 -84 -12 -373 17 -42 -136 -274 306 -86 151 -730 -61 -479 162 -587 -727 -455 477 -148 -348 -144 220 186 244 412 -334 -778 190 141 -494 23 715 -146 376 431 -349 219 -769 -153 447 418 687 -244 357 217 280 168 347 337 -484 -60 -271 164 136 496 -80 145 -135 26 -397 260 -362 -134 405 238 253 111 27 -94 -163 -438 236 -9 318 51 559 187 103 42 181 249 135 -1172 102 -150 -47 -78 79 -35 103 -239
11 -175 127 -49 22 -451 -166 169 269 251 -590 419 -85 643 -351 -426 -551 -350 297 50 38 -834 -134 172 62 265 310 87 -526 -67 23 -404 -364 -523 233 -177 257 63 -416 368 -149 354 -154 -688 184 -382 50 85 -57 648 914 -527 382 43 347 168 -134 -501 -731 834 274 -962 177 -119 568 206 -96 544 -220 328 260 -138 -200 -231 -366 318 122 -28 233 1005 -863 -376 553 315 -237 764 573 -328 -173 -5 47 -139 205 79 158 -392 -1145 615 131 -232
-136 365 43 218 -188 -51 -345 560 -116 -366 -143 463 9 494 646 -306 -19 83 522 -969 -69 403 -20 327 -149 -168 -216 -144 168 320 -357 -51 926 -273 140 -27 -190 216 654 49 123 -498 120 58 487 -445 -671 100 -124 33 531 170 377 284 122 -683 -45 275 639 443 -410 -301 295 -113 -141 52 407 78 -11 -179 -204 201 71 -661 -83 176 422 308 -258 -12 567 -103 126 604 657 80 -433 -135 -291 173 651 708 1 211 -485 -929 101 -121 -174 259
-125 216 71 260 -666 -28 1 355 -583 -247 16 -208 -619 -141 -601 416 133 628 667 -102 -732 459 -83 249 188 232 124 -367 571 -146 110 621 342 -225 -269 155 154 187 -228 -266 179 -520 78 -297 584 599 -1 111 205 -162 318 -638 569 -35 880 124 571 -100 85 144 -202 -124 624 -354 -595 -522 -186 415 -220 26 260 -126 334 -160 -33 223 -372 -16 -325 251 -246 74 -2 458 -22 -503 296 520 -74 687 143 130 -662 1319 275 221 130 -393 -661 -146
109 -316 258 -42 82 14 -59 405 -668 -134 -104 -275 -158 136 -308 21 66 192 107 121 -154 -86 -172 139 145 -111 -586 -848 -46 -3 -229 56 660 -254 -199 330 20 -12 -562 -73 803 433 -292 -579 -242 129 -364 -79 -397 -305 622 417 -89 438 -540 -110 100 178 6 57 200 -285 280 191 -56 444 -266 40 147 -302 -259 344 208 -243 98 -514 -121 122 892 -338 236 122 260 254 180 220 98 -230 47 1 -185 615 39 -37 -283 -288 94 646 235 240
298 -373 -203 -491 22 -427 -658 -734 234 -186 -204 -101 294 163 -107 121 -619 -466 -714 -22 -661 -1 423 -627 500 -557 -131 637 -681 253 -762 -469 -271 -346 171 560 -117 205 691 -38 77 -340 -588 779 -168 209 199 -483 -583 562 18 -324 -546 -161 -296 -480 37 133 -405 369 433 39 299 -407 175 595 191 552 -82 -83 -125 224 350 325 630 -24 -61 174 -366 -151 740 189 -693 363 202 -297 399 56 -292 358 255 12 -102 -149 364 -556 -763 -52 141 -69
247 -273 -499 -401 25 888 -81 127 90 180 109 74 356 68 13 -4 -310 47 -384 -89 -161 -374 66 -133 43 272 364 566 -363 360 -550 -530 -542 -521 -245 -393 342 -41 514 -489 139 -161 -740 -201 -199 331 94 -245 9 378 130 -35 410 -334 -177 -504 -537 1 -346 -68 513 -436 -627 -38 281 -449 -342 481 266 283 670 -520 -159 460 -89 -510 226 241 -342 -80 706 190 -248 70 -496 18 171 -165 -337 -416 376 208 189 -778 348 171 -89 -283 453 -304
-926 -244 -295 -415 -382 294 13 130 410 648 -39 -244 -553 -290 -354 -446 125 88 61 -169 909 475 122 426 -418 -245 42 -407 543 -517 499 337 -365 -84 -387 118 202 39 -805 -80 -485 238 -43 451 62 139 305 -193 319 132 85 -520 -36 -37 149 -379 -303 93 -204 237 -169 -69 -360 -107 270 388 -158 253 74 272 397 87 -251 -149 318 300 -214 829 -127 -570 -320 237 319 62 860 280 1 231 -850 7 612 -530 -235 185 187 -63 -565 55 -90 -775
-304 -185 376 -216 473 -83 -597 -45 228 -516 -328 -43 1052 -361 563 -267 12 -759 -45 445 149 -352 59 162 -142 348 -47 43 -520 -55 -41 -44 266 38 69 -603 -259 171 175 -720 337 55 109 -40 184 -858 -314 611 -428 -333 267 234 200 -177 476 -123 69 -344 -117 286 -32 377 43 -796 518 459 -112 49 -166 -477 358 -324 206 -655 72 -203 48 -435 -384 -32 296 435 577 -391 360 168 -421 237 261 -535 -490 -50 -103 131 97 502 707 -234 25 553
80 -273 32 67 -680 -47 -592 225 -160 -194 -679 434 -955 -90 -389 -289 34 168 -487 282 -510 348 -620 -355 723 -374 -953 -998 766 34 374 528 -365 26 -666 522 25 743 -578 -280 142 87 -92 304 -36 -116 592 -520 -158 -35 243 -338 633 -276 111 158 547 -918 742 -102 421 -409 -250 -68 -643 449 155 -30 528 266 -136 -463 16 -350 218 -111 -139 -149 -97 228 228 491 -9 -119 85 -463 112 934 307 397 -416 275 -254 57 71 504 483 393 186 99
-140 -174 698 -52 -70 434 274 103 696 32 294 76 731 322 -373 421 -316 40 217 691 344 -387 -368 -261 334 21 39 57 -7 421 88 699 -127 -237 -127 -6 100 -281 -488 -85 -376 164 228 -593 -143 -609 286 134 421 140 338 103 -203 733 400 -6 500 159 -190 250 -93 -917 -603 234 -413 484 -388 415 95 -340 385 -453 -269 24 374 236 -383 215 -359 292 -520 -240 -312 74 324 0 92 -23 -140 -267 634 -7 288 486 -692 -200 -262 186 -283 -752
-63 -484 537 578 238 111 -584 -139 5 -799 156 -100 -167 -76 27 -36 361 -63 45 430 -481 -392 186 -574 134 79 451 151 49 44 -72 -50 -181 121 -239 472 -44 508 542 47 -75 694 340 516 -346 -69 352 -353 -318 21 610 -129 -146 179 283 34 1179 -384 642 -277 -104 441 452 511 -517 358 514 343 140 -28 -505 67 -343 -34 107 184 -127 -206 -525 213 186 251 44 40 210 -279 359 -41 547 -49 243 -246 -378 501 -532 -129 918 653 576 47
-458 55 412 600 -399 -79 4 360 272 -30 -248 82 914 -182 -433 -328 -441 -220 580 -54 330 -815 -103 41 -56 -367 264 64 -295 13 -223 281 -139 616 568 -554 882 -388 -111 216 164 -305 -244 -509 -43 -291 -161 604 1027 63 299 -945 265 -393 -541 -726 -321 -607 167 323 244 -432 224 -43 -42 365 -152 445 2 295 -332 -491 764 374 301 -374 88 376 120 18 -373 309 -378 56 460 -248 469 243 -335 -200 -430 346 -333 48 -85 -768 -232 601 -157 -220
96 -302 372 104 -209 327 -361 48 -800 -577 348 248 318 91 -110 -576 51 62 599 -360 284 -348 -95 -503 -362 -312 140 -492 97 -336 -134 -521 -141 548 -739 520 -296 -289 3 42 531 -214 -515 -214 -116 139 -241 -545 -43 -371 236 -44 -345 7 52 445 431 -393 109 -59 321 -703 -99 288 -393 -154 90 40 -64 -13 506 -475 455 319 -365 112 -205 640 608 -490 216 10 926 183 -261 -365 311 -300 21 880 -155 -15 793 158 -119 54 45 -371 -250 395
-95 87 -109 -262 142 -43 179 -393 -304 -284 -247 -647 87 -221 907 -179 -1009 -221 281 -28 -111 -997 387 126 -52 100 26 9 -557 198 596 -1560 -40 98 -80 -298 336 -877 909 57 -180 583 100 -488 50 -675 -551 163 -273 -505 -92 332 29 705 151 -69 -614 244 451 -74 15 216 269 -106 -290 -364 2 516 -243 330 -204 300 451 -266 -1 220 1059 420 -403 698 -503 -985 -124 123 212 -109 -225 349 -979 472 -149 345 -31 547 -706 192 448 526 -603 328
242 36 -495 -151 197 76 234 -345 955 -415 77 10 210 -95 871 -222 -318 568 -410 -60 -87 -454 480 -67 329 -266 -2 -207 -844 -197 260 161 179 -178 567 -900 -162 73 -47 140 416 -241 -369 317 344 304 -188 -865 399 289 -65 562 724 -179 340 138 -177 301 -470 -344 -26 -97 -463 -242 237 -51 -110 132 44 163 270 -414 -60 -188 -180 410 409 58 212 -514 641 136 -368 254 388 -183 -326 -251 56 -30 -32 -132 139 -411 348 409 -235 -294 -168 -97
-43 -60 529 320 60 94 -107 437 158 193 131 -171 -448 304 -76 -174 201 -125 -402 -8 38 -337 -833 -159 -234 142 -551 425 -470 -539 -18 -249 -6 -347 30 219 -321 305 39 446 -390 -183 47 -111 198 168 37 450 -398 312 417 -14 -466 -221 -247 59 -884 -102 -348 502 -176 -352 49 -223 -208 551 270 -618 89 -6 -177 536 -441 39 -417 -27 -142 -436 266 303 82 -2 2 232 71 -5 -13 -321 -103 117 370 579 -75 4 -578 420 309 750 -130 346
-572 -223 473 -102 -216 -494 443 599 -308 620 -163 439 -533 883 -183 305 -332 105 -155 115 -108 580 -532 -244 -37 -750 -314 90 546 260 -102 -15 275 373 502 264 525 807 193 703 -24 201 -266 203 -360 -150 -489 -518 -460 285 542 147 -178 43 -164 -281 -257 -421 -279 937 58 -314 -697 292 381 236 903 0 -516 -295 -391 61 299 -42 60 229 368 -24 423 52 -287 35 -336 -304 -21 62 329 18 673 437 106 -427 -23 -161 148 -122 -144 363 -221 -43
-53 -88 92 -248 331 301 394 273 382 564 365 -204 -544 14 467 -131 -396 -272 -202 400 99 148 205 515 116 115 -455 -376 -561 -470 128 303 -186 -576 236 -450 375 10 -80 173 258 -399 -356 202 -58 874 19 -189 238 254 -378 588 -298 293 391 52 -382 -241 -233 -468 307 -424 -329 -628 -136 194 -489 -53 -270 131 -171 581 -253 113 13 -63 -91 -54 -21 324 -25 270 117 113 332 -2 255 -304 167 -296 288 332 40 121 -72 220 -524 477 392 -551
-30 588 -128 -167 143 -153 193 173 434 -468 -182 -72 312 -27 -664 -112 -528 -180 -30 -385 348 61 -229 -859 160 -470 -8 -35 -194 173 138 338 -39 89 -257 -488 -454 411 -177 -97 -78 -768 30 -59 -125 -574 458 318 582 -138 -398 -381 -357 -89 -128 578 -65 51 -292 106 200 19 -499 610 -60 257 58 341 264 -352 339 -379 327 113 888 -94 -223 329 -266 -300 302 653 -196 -359 -253 -854 209 -149 256 18 -317 -431 818 -87 -127 -327 -225 148 197 -113
495 -172 -89 100 386 -175 -364 293 -164 -816 -538 -97 273 4 315 4 162 74 -589 351 -423 -53 323 132 696 660 -95 -103 -23 176 -194 -55 -893 -61 -297 132 -359 -366 459 475 -611 401 342 -11 200 -534 -100 -314 -1014 -208 -303 -489 -576 -547 329 -4 62 -525 -499 -551 -115 596 -312 195 -131 640 -42 40 176 339 -616 145 -609 73 -691 -137 -287 -128 44 -57 -88 -216 467 -203 -28 -290 -164 -424 956 -51 -225 505 -202 19 256 641 512 -589 394 -230
337 28 -159 -125 -319 -357 -185 170 -77 -234 -366 137 -11 -420 185 -357 371 177 -217 -40 130 93 -109 -605 -282 -198 153 -252 373 -349 -152 -842 127 -25 34 30 -84 -314 -382 -742 332 -94 -76 -407 96 329 -436 -531 124 -132 -406 198 794 -61 -125 463 -75 -28 780 243 -191 -271 454 257 -47 -301 -332 34 11 -256 288 -630 0 242 -368 174 44 274 82 -566 -239 39 277 321 120 232 -412 -124 134 250 -16 -173 244 -221 36 -267 491 -507 -212 -124
-470 -520 585 -210 -179 757 -17 128 11 -131 -296 761 683 -351 -53 -469 -164 -203 -321 180 251 -233 -118 54 -9 50 1 504 -22 282 -131 149 -437 664 -139 -493 -145 -308 355 156 339 360 323 -348 -222 -103 94 382 -460 371 525 857 -354 23 54 -220 230 353 97 -57 -30 -335 -96 -750 116 -239 -73 430 -54 -135 372 -345 -646 -707 536 248 292 -478 419 620 -99 1153 -76 -430 -642 29 125 408 669 -758 395 863 -58 185 495 451 513 96 -575 -335
-175 -557 -52 131 -238 -399 417 373 -545 -16 -37 -197 -884 235 69 -122 -209 491 624 100 -701 247 -394 292 280 -949 381 -128 675 274 384 456 158 -77 -18 -12 -29 33 105 -4 21 44 -9 165 180 25 263 75 -21 496 -296 303 272 31 458 -79 -324 -176 -400 84 283 61 470 -399 -50 -426 87 -207 -247 431 -430 51 19 -359 159 326 434 -110 162 39 22 -311 -528 490 410 -380 182 105 -92 703 243 16 184 267 -526 296 -184 -271 -1194 -376
-725 -56 -342 -348 -233 -301 -280 -607 -430 366 30 -689 -67 296 283 370 -283 141 -516 241 94 298 261 -126 -626 121 508 542 -419 109 -445 86 -15 64 -332 -71 125 750 -148 -157 -81 385 534 177 -11 -102 353 128 -360 137 284 475 27 282 -318 123 618 262 50 -270 155 477 456 696 363 468 173 -207 529 60 425 30 -159 -287 260 820 -113 -314 -195 330 -56 213 169 252 61 -24 21 266 106 302 594 640 149 287 -105 53 -28 -38 586 219
-218 -246 733 -24 357 -130 221 -15 -123 4 929 -45 -73 54 -278 -61 -122 49 1122 -322 -186 -339 -125 13 -622 -298 449 -15 202 349 -264 -487 455 -109 344 504 -7 -427 483 248 537 -388 113 -189 -291 -397 -439 588 -116 46 289 131 -421 81 -450 -161 270 163 1 504 143 474 156 119 50 -498 -307 -181 544 -494 -35 599 78 -120 422 228 100 572 420 -604 -246 -513 -93 -219 891 282 21 -260 -673 519 88 -729 417 238 -510 251 128 -35 -268 650
65 51 -142 181 -511 179 -460 -354 381 67 60 89 869 -8 -207 -61 -206 -171 -13 -383 325 177 87 -449 -215 -480 -81 39 -136 -444 -506 -620 358 505 -470 -414 553 -122 25 73 13 9 -823 -143 -686 263 -317 -455 632 29 258 73 -332 -811 -590 -466 -339 458 483 340 -424 -518 439 135 -538 126 696 189 -98 -268 -414 -567 -118 94 112 289 102 -127 435 -574 285 97 485 -97 -78 379 58 -52 -94 -137 713 -204 279 106 67 -403 -109 -152 152 191
-221 585 273 687 -293 551 80 -208 234 -289 -45 -48 735 -178 123 450 -366 158 202 313 814 -206 225 80 -110 974 -277 -11 -844 89 614 -92 272 -398 -607 -411 263 -287 -464 140 26 65 -244 -502 201 69 28 538 -564 -789 1 -754 482 566 305 -273 -427 -444 124 243 223 170 658 -110 164 237 234 -262 -383 -242 -3 -351 -224 -543 -506 -351 -95 -500 -154 479 347 313 439 -342 -234 193 -373 773 361 -408 -151 -642 -282 -75 -192 -96 -409 186 39 -230
763 306 -109 356 381 -223 -172 403 102 -346 48 -104 -544 -176 686 -509 72 -58 -812 -1224 -498 43 -257 -200 -46 638 -587 72 -22 46 370 -550 197 -826 -573 -248 34 -336 -246 343 88 -766 76 11 618 410 -226 -370 -126 228 126 418 -108 83 -25 37 53 53 -144 245 51 234 22 -466 -367 -639 -385 -527 -197 584 406 43 111 -425 -270 278 7 157 -28 263 212 -187 -168 -47 330 64 -415 -383 -322 286 75 -108 278 -500 -177 192 11 -258 -90 62
34 583 -160 931 -42 -296 -546 -522 -677 -106 103 -594 -209 57 -603 30 147 583 3 479 -938 368 177 -692 75 575 -571 -292 147 83 -221 471 693 190 106 34 -313 298 -670 -363 -8 -187 -278 44 -231 -545 410 -202 17 -272 -257 -550 147 71 -73 -748 773 466 187 100 61 -756 37 377 -176 -475 278 -184 322 -320 -10 -549 21 -335 -304 303 120 411 114 -527 294 607 -50 351 -243 30 442 428 324 1050 6 -663 62 -69 288 -815 434 -264 274 689
-673 515 410 -47 -805 -41 -204 429 525 -402 -178 514 -393 296 231 -637 -492 -138 343 -415 -201 -227 125 -362 176 110 -100 97 174 -172 -266 -697 -331 -29 -260 672 -338 -374 233 -54 -343 -101 203 218 165 377 184 93 398 410 787 228 -275 476 61 -772 70 -313 542 -157 -508 -869 -298 -119 -478 316 300 163 739 -560 -84 269 160 118 -174 132 87 265 -744 -117 2 288 -714 -259 343 -96 -67 165 -591 522 -53 256 139 -157 -165 83 -413 201 -56 71
-310 78 -584 -67 -411 -390 -96 234 -158 10 103 -16 117 824 -150 -214 410 325 49 669 -199 -355 -318 -428 404 -697 -112 -371 -79 -206 -424 69 -92 -186 195 273 428 438 81 124 -221 764 -928 -314 -942 -481 -206 -247 149 -445 343 1 73 -501 -23 437 45 -237 -209 -298 340 484 -338 57 -281 977 240 266 102 -181 -254 -31 450 266 261 -792 65 -286 416 451 -601 -33 180 78 317 598 -21 146 342 295 -522 13 -304 9 -281 -43 -53 42 462 584
36 150 -138 -173 563 -136 -4 270 120 173 -415 389 135 291 181 666 -115 -343 749 190 152 640 22 336 385 -366 447 -221 224 363 -3 41 94 -100 -256 40 -196 622 372 384 -760 70 125 -484 -50 -285 356 581 -116 -204 -554 286 -222 -510 329 125 -533 81 -165 -63 432 -77 -307 -250 111 -408 -25 -448 592 335 -190 1068 91 198 -203 -36 -419 -293 283 147 -40 -204 -109 -408 60 -274 -384 156 309 -436 94 311 -49 -232 509 639 -280 -98 -179 197
-1024 656 -159 324 -443 -69 -128 4 -205 364 21 -192 615 558 340 -232 27 193 1088 -84 239 -252 -1 274 -391 -104 586 189 -3 737 -54 -400 187 132 84 134 347 177 253 70 -179 147 348 -464 -511 -112 -139 420 -71 -1 688 -379 320 237 572 -535 -548 -328 -553 170 -654 384 -22 -56 198 -198 323 187 -233 587 -91 49 635 256 -256 24 427 -49 -10 388 -98 -166 70 298 273 133 -187 251 -301 798 274 125 -322 -231 163 360 -57 -883 -383 508
126 -255 27 220 367 149 337 534 -249 383 279 -206 -414 90 -268 292 270 -271 222 233 -420 -122 -291 -41 -325 158 327 249 591 66 140 249 -1016 154 -251 257 -182 146 -399 -137 108 -745 -235 -376 43 544 506 -535 261 383 27 -281 -493 -569 -260 635 219 -566 -399 -146 -5 663 -410 -73 -489 -294 -415 -101 -199 -389 -100 231 347 339 188 -17 -301 55 253 -223 -379 -166 811 380 -123 225 -212 -394 -192 957 186 -2 229 176 107 281 282 244 323 -108
-435 19 -314 -339 157 -52 -61 11 262 -353 -231 337 -246 -164 -35 20 160 -212 -171 -250 419 -273 328 492 -90 -300 86 -161 -312 365 -127 85 -240 504 271 -163 587 446 69 -9 -395 -33 -150 405 283 39 -17 320 -368 -670 -720 -247 -253 -88 173 410 -609 -361 -84 -163 418 455 137 -608 226 156 -37 -54 -312 -22 -166 -184 166 292 -220 -393 155 -5 -318 193 -227 -435 434 -775 -526 404 -316 96 -299 -336 -634 -661 183 192 -401 -152 308 318 260 -551
-182 496 474 111 356 -805 -532 -422 77 106 -200 -913 -150 445 21 445 324 -279 -187 474 -612 808 79 -75 -109 -369 131 153 148 -102 -256 96 487 -312 91 569 260 381 -344 283 -576 -122 -259 134 42 55 -593 -272 313 -77 -913 -524 -355 -704 -295 418 -41 247 396 191 -136 215 113 119 224 516 -33 -96 735 -97 30 264 537 347 -345 35 -524 446 -105 -325 -434 -88 -120 585 1264 -408 -38 83 156 70 -15 -96 -302 178 -704 201 14 -116 719 300
-65 549 144 -181 -24 513 -163 48 521 -431 -1 -105 266 -61 586 121 535 -295 -217 -381 -51 -668 619 -261 -894 473 273 430 -331 -30 -207 390 -38 137 -179 -292 -660 -541 -595 -122 209 -56 326 88 787 352 -235 -326 -396 119 -1066 369 23 -224 179 196 356 280 988 273 -789 198 361 124 -97 37 -202 36 -168 -75 589 51 -69 -572 408 51 353 -107 -168 -431 188 -38 143 649 49 792 -614 6 91 -60 -98 -330 -137 211 -125 -691 -381 -242 591 -776
-85 -513 55 -388 14 407 398 -331 135 412 26 -339 1115 31 -206 240 -208 22 -206 134 -485 -418 450 936 76 -226 364 353 -438 311 -521 224 -252 173 -309 -359 597 -287 301 -118 -387 -226 -349 -75 371 -634 244 228 -310 229 -561 -699 -229 -359 383 -89 -440 44 -252 64 -434 110 69 -342 -19 -121 -272 392 -281 433 -207 63 493 876 -221 -329 658 97 132 -241 390 -586 -152 -67 -687 -264 -524 -135 -39 -682 -187 -234 223 -430 39 204 432 391 384 392
400 -271 517 -275 154 -117 -284 -363 324 235 42 -100 848 337 -477 62 -491 211 286 735 -697 -348 -256 277 571 -16 -350 73 -208 473 -439 -603 -823 -52 159 -29 448 -12 329 -103 696 -211 -420 -368 -409 -172 565 19 -8 167 761 -46 11 -563 -355 -550 151 -133 -211 550 312 152 237 -459 142 -76 75 69 2 -764 -909 294 11 -284 183 -517 183 -535 35 372 -142 -286 37 -609 -93 -252 -54 -102 650 160 32 264 18 59 249 270 199 243 329 1137
914 93 277 471 296 34 -104 -377 720 -89 39 876 444 -44 56 -401 447 323 104 -255 23 -502 -76 119 -142 46 -362 -372 -269 -177 -334 172 -52 59 981 409 398 770 -170 527 -29 -216 -559 -321 -106 -360 -653 -76 -366 110 83 452 475 -351 -41 22 22 124 240 216 -107 -1239 -340 -29 -157 -9 56 127 30 -431 200 -631 -560 53 -199 -665 -82 292 542 -222 -202 311 -80 431 -142 329 258 -41 451 -440 -117 278 154 53 165 116 607 78 941 516
193 -98 668 -328 -381 121 769 199 -631 37 -303 -403 -219 107 310 174 -760 -834 100 422 501 275 -137 -255 -142 -282 -1218 -100 -43 -17 330 -449 131 -27 -86 872 144 -506 208 132 184 298 81 -424 91 -336 -270 314 -218 -157 -69 160 -163 278 239 625 -634 -550 205 418 117 -804 -510 500 -406 -56 540 -330 -61 566 -521 -89 151 107 -416 -374 -161 -14 551 -86 -397 -396 152 -325 -277 96 168 234 -137 573 -560 394 -453 60 -88 -294 11 325 -366 143
96 -487 -282 -101 505 -103 -445 -493 -49 -270 -158 450 423 -210 -142 361 25 -157 -519 95 -25 -28 82 70 55 -77 -380 -100 -703 216 -400 -515 -78 -78 -404 -36 -411 -354 364 549 110 -36 76 316 -621 427 422 304 -742 83 117 -143 -159 333 325 26 -132 -109 -364 -230 45 509 404 -108 212 -288 -410 -216 62 152 -440 -34 12 -209 -175 -109 -350 -932 -496 -56 1034 239 30 56 -536 400 -732 58 -46 565 221 -190 541 58 -511 -634 -198 307 -223 -89
-1 172 -426 -143 -175 309 39 -97 -100 -316 10 -248 -142 -88 -238 -82 -369 -172 -74 -348 423 -448 -382 516 -105 439 41 -296 -50 -126 -338 189 -484 -12 -245 -111 841 686 -122 -786 -72 -254 -1045 -493 533 -604 110 374 -610 -667 598 128 -131 -942 -269 -236 -117 -312 -31 483 465 8 -310 198 760 -951 230 -692 416 -189 573 -493 5 210 -445 -422 109 1049 430 -622 -559 21 283 -389 -129 292 -78 70 -560 -695 -659 -305 20 164 -276 575 389 342 631 -444
108 66 1101 -233 -490 202 529 -76 506 121 19 559 321 -674 -174 -483 -475 142 -358 -390 -414 319 343 -25 393 -281 -41 198 591 363 -316 -35 134 66 479 135 407 -166 283 -91 -322 -455 -119 -71 -286 31 293 269 -113 228 179 63 -368 -438 -378 -563 -241 -673 -265 -210 34 -671 -533 374 -287 600 322 232 205 -421 -630 -331 -224 59 231 -245 -267 -131 605 -78 124 1191 567 102 257 -518 794 -133 140 -53 93 832 -8 -23 422 178 -136 206 11 140
540 409 38 442 230 287 -130 73 -303 -99 405 -330 -394 -111 -82 288 99 195 458 532 143 57 -5 421 7 441 -386 51 -261 -70 -127 -273 -234 309 164 474 -147 443 372 419 -67 -191 165 -432 -160 264 -733 80 253 -687 -19 -223 -232 -231 -127 444 201 492 -88 -412 500 -18 -70 122 -192 110 267 -437 -182 230 214 359 -156 -221 177 136 -315 138 196 279 -402 65 489 278 -6 158 433 -516 482 -212 -706 618 -93 461 -243 -160 319 -293 218 -67
575 -523 -88 -18 120 117 -584 36 380 622 424 -149 316 465 328 -168 353 148 -403 -138 543 848 -454 -71 -301 -389 -230 568 -152 284 -681 -711 695 -22 -64 -540 184 75 438 -439 418 -127 -198 -1034 179 28 -333 -476 -30 107 -627 733 753 -96 -486 -346 312 413 50 407 -192 574 179 -285 76 -285 -102 296 51 -45 315 -251 -48 -359 -13 260 135 128 -191 -117 -27 84 -639 -203 475 148 -629 -373 110 -678 897 -3 -183 -237 -239 -396 319 -92 578 -70
110 228 482 736 460 -173 175 -399 461 -633 -563 252 464 460 -318 518 -49 344 43 340 220 75 240 -14 355 222 -287 304 255 668 339 -276 -202 28 486 534 -404 -966 291 812 -65 -276 543 -79 111 284 -522 434 -77 -519 -513 -360 -613 360 476 260 -279 -163 -638 400 351 429 183 -565 -279 -136 -19 -320 67 32 -327 36 -367 -143 -579 342 48 -708 -18 610 341 -467 296 -42 141 -647 431 -129 455 127 -189 -605 -136 -123 -728 -118 297 105 -448 152
-317 -305 -292 235 -187 135 -487 720 -942 240 574 0 -582 -461 66 -265 651 41 300 -192 60 357 -878 54 -586 -313 -265 73 359 -740 701 610 287 -109 -579 -293 158 582 -489 -757 -656 275 222 253 84 159 -92 -187 320 -287 41 447 132 70 194 457 467 69 21 -122 -310 52 -218 -370 -334 -8 363 -62 101 107 253 -7 373 -296 -454 816 274 409 -573 -7 49 -278 -30 -428 126 559 -564 -326 -338 937 258 -353 297 529 -202 -801 385 -100 -369 -477
413 -90 -259 20 191 849 -375 147 70 -205 52 358 -30 -161 -55 -284 134 -135 -319 -196 27 -36 57 272 207 -343 39 300 -158 287 150 -400 -135 -172 -556 125 360 -7 1032 -468 -290 -138 -526 -311 527 -368 -254 -472 -15 -45 -513 -22 19 -459 -273 -700 -425 -247 -377 531 574 -474 -470 -9 256 -642 339 598 -89 567 513 -491 605 582 -54 418 791 247 57 -460 712 -286 -404 194 -95 -468 151 -671 -408 -404 -100 693 421 23 -11 -733 -247 -139 -9 -447
-168 -76 563 -412 -32 144 418 -176 576 -29 -354 892 444 714 -192 -168 521 -14 783 41 200 250 64 -286 -334 -1137 231 -42 445 242 -758 349 -292 476 383 -313 53 -239 -97 -702 195 114 -207 -252 -964 341 274 -260 809 565 716 689 -481 -2 57 -388 -259 27 72 -170 -429 -346 -60 216 136 196 353 62 753 -537 -258 -89 146 97 114 268 -391 -317 1151 -333 489 402 200 9 78 -116 320 -536 984 -228 481 298 169 -275 759 660 -549 -528 271 115
29 455 -304 -135 184 -739 -499 -24 200 61 -250 -594 -95 -57 182 380 140 470 195 -211 126 357 -296 141 1 86 -120 236 -173 46 209 137 -270 104 -465 -187 -161 -468 -641 279 -563 -53 218 -159 -84 -52 330 422 271 -130 -284 -39 -252 -10 -868 137 -788 956 -322 -389 607 286 88 79 125 -263 -471 -78 137 -103 343 -293 -161 63 77 -244 -262 106 -79 -289 -11 -149 -610 315 248 -295 -523 -52 -283 -299 -120 3 133 -155 -7 18 -687 250 63 -327
-402 -629 434 -128 -314 -170 -170 -185 738 -278 347 370 503 -45 -205 -139 -20 135 493 488 -8 -408 226 121 61 -37 178 123 -230 1105 -772 508 -147 275 460 294 778 157 722 -137 632 -435 -91 61 545 -202 -270 227 112 806 43 -399 238 -258 169 -12 722 1 -215 -303 66 50 334 -707 202 543 404 -23 551 216 173 -685 -245 -466 327 121 65 152 197 132 44 -45 -242 -482 299 659 173 371 -203 -289 -464 -76 -424 329 -214 -757 -67 -979 198 -438
-350 231 412 116 -59 362 -117 -887 243 -140 350 181 373 231 242 -267 -362 -561 -307 683 -520 118 708 -852 110 -345 -359 587 -469 481 524 38 -200 -309 256 280 357 454 211 9 -67 296 150 -99 -663 -258 -118 -22 294 -93 -112 298 212 -132 -197 20 600 -101 -113 -543 54 93 -420 727 -388 25 288 293 689 4 -168 -307 -735 -228 -208 247 -347 -373 -351 166 203 -45 186 288 -598 185 36 258 -436 -8 191 609 308 87 -230 -48 242 -316 412 955
-218 219 -484 -355 -226 -266 109 90 -422 -287 -224 -573 -205 383 174 335 -416 746 -449 -386 -525 48 226 -272 440 -545 -350 -383 276 -182 158 538 779 -562 346 -215 439 148 -691 -143 25 21 -223 43 231 50 343 -15 -37 -490 -344 677 -33 215 26 129 365 489 -217 -121 250 -243 124 392 19 -73 508 318 -110 149 -128 -92 223 -112 175 126 307 222 -520 223 92 -88 -292 378 168 -726 630 -515 332 -324 198 -37 -874 355 -540 -133 -177 -125 67 -193
-1 272 -506 -187 412 -96 320 132 572 -303 -430 491 -238 -189 -220 -20 -622 -232 -756 55 -428 -77 -120 170 472 -34 806 -145 -48 -13 -579 -72 -333 72 -195 57 788 767 81 -202 579 -177 76 638 -136 -211 210 -159 -28 -183 -10 -60 -535 -17 511 264 -393 -396 348 415 252 96 292 -300 89 909 330 118 -82 134 242 -310 -87 -490 716 -99 -87 479 -197 284 -13 434 18 179 -254 356 486 950 53 -707 -643 937 164 259 128 -448 -125 -40 703 -1070
-611 453 343 179 92 492 -26 214 179 -496 -761 143 -222 -75 -17 40 330 -362 126 -136 -943 -183 109 -415 -205 -179 110 -391 -140 -58 202 -55 -317 367 -704 239 333 540 521 -251 107 389 36 238 -541 -648 -79 -191 -561 -282 456 190 -173 178 1205 -153 185 39 -272 770 -162 -386 -420 658 662 402 -144 471 185 282 373 192 -38 314 174 67 340 312 -482 157 -47 81 186 15 -143 -99 268 260 289 529 -41 401 342 406 -156 365 261 252 180 -438
